1000
548986
764589
641848
970314
64255
814905
504435
906607
239979
301749
136570
998474
540318
691264
345563
861235
85593
251263
368597
12190
925377
720333
289311
179100
482675
426960
665299
420154
37438
51303
713206
742855
108801
835007
611364
683956
182690
970821
138076
202835
389416
836661
213478
420738
791478
200593
424221
289889
694501
997358
991453
622334
503677
894056
422537
235346
313359
698230
48505
558885
663601
456152
655487
788684
944599
861997
837909
234515
369866
930529
493860
817717
292616
621059
49523
974088
227193
31732
297002
39798
727689
765563
698242
364709
64486
614070
306380
624696
124760
280811
974618
348527
352375
50621
183054
958826
817102
340602
965437
416651
553675
313233
36095
411576
422495
342625
791509
484544
622904
149548
294968
668181
784152
865834
316858
109367
191378
778746
383451
547570
807009
841204
624491
718077
438117
187097
769622
37700
882235
935020
760529
718272
866551
471706
859296
881857
324865
86292
774017
135437
105289
212029
451512
339363
413864
366591
562680
459096
231893
361464
197995
951843
757824
902098
972702
588276
262158
358065
15308
879358
812850
369157
469958
739350
629284
426047
552892
341747
365889
683936
428778
732309
127743
373036
785697
818371
93771
143230
947696
225709
485441
900341
581936
132207
892999
920588
791529
22710
212103
256200
310692
883261
388039
905034
105806
128433
822182
181316
16710
161267
150197
505608
298884
790139
45103
806268
589733
635418
829719
58346
553495
843992
265837
660980
146269
288699
263884
129764
885375
333801
41955
393890
597970
831973
284941
340159
269151
778677
850832
236269
903667
256676
96751
368721
866947
930020
192940
986609
292025
195787
478942
375240
730079
719870
933098
926649
113959
145963
252577
983648
689940
172912
371510
900099
323849
610585
625562
174503
966700
57926
250166
123135
242167
729771
365252
372416
553499
647218
533387
790800
709904
478843
84021
466652
625854
294211
963406
157704
680193
15330
374107
849154
232669
411822
786709
360304
5886
935230
275137
329159
449642
265609
166765
524029
71237
435372
776777
947990
784064
388682
387295
675611
590496
264205
509168
76906
578022
360971
86445
82214
230496
819525
623630
752334
810764
753609
668307
801067
572324
865207
960917
903779
529099
640032
779464
353004
189970
833290
215760
154650
488103
936528
151164
322520
926810
397990
55267
526453
948621
166395
682906
139478
282424
690999
463311
306250
30487
487715
203269
397563
635504
971368
691564
198271
946500
625200
14556
29198
17810
735785
477166
805774
19458
551912
649463
359883
529269
651626
926306
920770
853670
278901
929257
83676
507133
369373
288816
823928
243888
458082
575422
645857
284054
91895
317080
93407
187850
106269
748348
748329
601848
437614
980535
873208
475975
202870
439011
420790
405155
555324
125505
170837
141734
690974
784430
260541
736162
819674
666309
96605
183309
757225
789778
290851
612426
875141
520174
728390
352912
486284
689852
781760
120505
610749
674494
623962
636841
741855
748757
892895
524313
791424
653779
763250
396415
240795
494846
44156
917276
616979
918244
709885
960609
567964
225174
784388
801919
393529
431810
119098
17354
698847
783537
388376
566921
679801
579225
133048
37468
232645
502432
3913
98442
725915
268718
211101
770023
651406
588525
495837
990110
970091
963296
705052
427681
861918
853277
466312
102570
962741
678184
7869
568044
29372
455726
335795
543195
445766
133851
914264
891029
906829
747672
500985
24619
336305
480484
123673
677648
118556
936590
666788
358045
642439
217676
712893
254527
500373
120508
210292
588542
162781
19188
137619
113066
486725
152135
256407
554468
641417
665431
508860
16710
106139
749778
312882
293360
794021
42827
734891
355120
319850
591285
671894
214477
348490
5310
334566
499440
904484
496326
407051
559664
998934
901946
790210
315833
303584
300817
423432
511960
284070
146531
708522
614629
305300
655457
158904
815628
541276
811829
887063
924538
972570
469367
341878
432610
694553
127496
707545
249577
62447
266191
830609
585652
682819
736654
298188
836619
601647
115296
230984
317610
476352
74385
219875
112868
284250
174042
206031
606837
957049
968951
891617
127458
943634
99431
97544
891407
78744
457792
606042
335389
589658
860076
390986
261885
233225
923972
206326
116438
218264
274055
996061
945103
455292
122294
348846
344825
348179
214224
287227
128156
968481
193573
525005
696477
326453
214617
598609
234248
37226
663672
308271
148160
674889
105520
220859
542464
49868
637423
471940
899149
665213
989274
111690
766010
573053
559782
322766
733271
49761
799895
906369
435768
898551
199827
868894
296349
4518
670882
418387
710915
98675
567877
612634
465990
432288
820016
165031
817521
306927
488165
315002
514148
667140
886509
522004
405025
75048
150646
985158
935539
90026
294340
967844
716347
95648
673877
638361
201624
861771
367254
525780
870514
634072
374907
391840
931939
401027
426047
669266
600515
966678
330296
139739
831887
864847
306325
901310
611381
842400
565048
677339
815551
721424
354474
907241
532377
864831
640895
485186
27457
316166
622471
407576
821386
182013
798830
459461
475212
705494
3569
941121
894379
933030
399485
524269
725251
745412
867814
285900
986413
350026
269504
525393
40497
813177
324254
317778
806536
246393
167077
854556
98828
532733
717131
383585
956414
736645
958130
974413
933555
944893
619867
640950
782109
955971
206600
863474
360370
122694
101235
442562
949307
105417
734692
815851
938939
386119
325427
559589
228474
998001
7706
38893
487405
57939
146934
627509
532739
543828
139162
543420
651406
841500
776720
295864
16332
94160
764653
498158
254930
681145
179024
526308
624404
368450
801015
940271
434515
777120
140285
930150
851619
973196
590260
628471
105048
519084
172251
798871
945805
859920
392060
508565
730192
971159
200357
178440
480493
928434
407232
46503
584150
364352
781330
605623
646572
737433
812940
199583
855532
887462
955281
752151
916153
670765
525317
446591
46721
745003
529742
478796
276047
186074
413483
802013
188973
768786
3437
973804
99956
464268
201877
770847
737906
761473
543564
444222
626486
179697
911097
438976
689338
544447
445699
571582
189038
762233
870755
914249
957341
566262
505700
667799
882750
530584
876282
51224
457113
230578
869692
460519
624724
105283
209664
15964
125530
76767
703890
117630
213863
215854
27728
829973
376114
783438
41317
658782
817654
143060
825632
964760
582623
422192
589680
603772
564878
146734
915198
767689
97417
374873
676007
947133
894786
864762
954197
362527
264450
456766
750969
500729
238834
261173
138023
64804
818502
955703
49485
783227
151430
125473
406289
224370
892923
680125
555271
576575
474738
618816
190284
753462
475759
719852
391874
559026
362610
811734
285864
106799
567455
671618
787988
426613
451276
506154
698448
247023
159596
625885
639055
225882
273298
56900
904970
553497
456485
826881
604796
677285
245791
685296
975542
74849
112129
199759
579807
26187
294487
460730
291980
200783
995555
219471
929656
781814
436393
437872
