100
29 34 34 21 11 
94 30 50 98 38 
61 39 48 87 90 
65 51 13 98 28 
75 60 8 47 79 
64 73 97 90 7 
19 45 55 27 51 
55 74 19 54 44 
42 91 77 24 91 
68 45 11 57 29 
98 1 7 97 41 
35 19 54 21 80 
63 44 30 4 57 
31 4 29 96 21 
67 79 90 60 85 
98 74 69 58 100 
15 74 77 52 76 
94 71 83 24 79 
55 29 46 77 69 
92 65 62 85 58 
97 2 97 33 85 
81 71 4 6 7 
60 12 54 57 61 
12 87 11 21 55 
50 70 65 9 75 
7 92 93 92 69 
18 14 90 8 35 
52 72 47 66 18 
2 5 88 7 6 
20 36 30 82 71 
100 35 83 3 70 
27 99 45 74 35 
97 18 11 70 17 
51 78 77 87 24 
49 69 38 57 78 
21 26 1 24 49 
79 19 91 82 50 
62 9 36 97 8 
4 70 38 75 80 
45 45 29 13 68 
70 38 14 45 27 
48 29 13 100 15 
55 69 22 67 80 
26 70 23 28 27 
45 52 61 25 9 
87 49 52 19 84 
56 89 49 96 16 
8 40 70 33 9 
38 38 72 31 49 
10 19 53 80 51 
78 44 27 96 54 
38 55 78 34 18 
73 4 93 44 11 
86 67 44 61 94 
99 3 89 66 22 
35 58 85 5 97 
19 36 27 4 72 
25 94 51 64 92 
44 60 70 71 85 
81 13 28 2 21 
6 81 58 85 65 
43 3 31 4 56 
22 64 9 92 7 
82 67 95 34 18 
55 30 17 100 18 
99 23 96 39 42 
31 42 48 58 67 
29 85 82 70 49 
15 66 89 59 48 
62 21 94 45 1 
33 81 26 2 78 
17 25 16 88 88 
77 57 25 39 62 
22 26 84 46 81 
62 57 32 96 10 
58 33 22 71 61 
60 60 4 81 3 
26 79 44 44 91 
11 43 50 99 84 
84 48 17 2 54 
60 82 53 78 18 
85 2 13 100 40 
12 11 86 56 10 
54 15 81 53 52 
98 8 98 43 28 
26 44 75 47 42 
36 99 3 56 90 
64 41 31 65 24 
61 100 72 6 90 
40 72 72 38 55 
14 38 84 67 49 
22 29 21 1 25 
93 15 71 99 35 
43 25 36 86 88 
10 27 83 19 43 
33 37 1 57 51 
87 12 11 40 24 
95 97 82 2 52 
43 72 72 37 92 
90 51 71 42 5 
