100
71 68 58 58 24 
12 93 85 77 94 
34 51 40 92 93 
1 92 49 29 64 
58 87 82 99 44 
15 70 44 88 29 
53 59 3 12 100 
28 74 94 2 20 
60 85 11 20 67 
84 46 70 75 97 
90 40 31 11 58 
83 91 7 73 37 
50 7 10 63 55 
96 89 83 33 43 
14 34 18 40 31 
53 28 26 28 10 
74 62 12 34 79 
62 91 23 15 46 
95 56 65 55 41 
45 92 52 28 13 
99 51 5 17 33 
11 66 52 81 88 
57 66 88 49 22 
86 23 22 89 36 
76 99 74 43 97 
56 18 91 59 7 
46 43 6 16 40 
12 95 43 9 11 
16 29 91 61 21 
57 96 80 26 62 
25 64 64 27 46 
76 29 58 89 20 
48 2 26 54 7 
91 73 84 19 76 
60 44 87 29 76 
11 1 7 16 87 
50 54 53 86 65 
42 96 44 34 29 
18 9 73 44 13 
92 10 29 93 3 
46 34 58 25 16 
1 82 37 1 35 
27 97 17 42 14 
60 30 75 27 56 
32 22 41 84 44 
90 74 86 67 5 
28 85 82 52 40 
55 79 87 4 66 
67 5 71 73 40 
3 60 22 11 27 
76 38 39 59 2 
64 68 4 50 4 
57 15 67 89 5 
83 45 66 30 21 
85 30 74 92 92 
58 7 99 72 48 
9 78 18 27 34 
26 13 94 37 10 
89 50 78 51 8 
39 51 98 78 34 
35 69 51 6 11 
33 77 81 42 8 
8 79 3 47 50 
31 42 86 87 13 
64 3 86 11 24 
21 32 32 34 83 
18 31 27 65 13 
90 12 87 87 42 
56 33 29 31 21 
55 64 65 67 51 
70 30 56 20 57 
45 84 25 36 39 
88 35 70 1 50 
44 10 65 60 27 
89 26 94 54 72 
70 99 18 99 83 
89 33 51 60 9 
56 63 71 21 28 
82 76 96 53 29 
7 60 87 28 19 
35 97 56 51 8 
11 39 70 42 63 
4 32 24 44 74 
3 23 100 64 92 
13 13 99 28 34 
59 68 55 100 56 
74 48 38 72 11 
94 18 68 80 79 
61 35 94 75 51 
20 28 48 83 68 
67 25 38 55 8 
94 59 50 10 3 
16 48 72 49 60 
61 27 10 80 65 
53 24 12 42 41 
14 79 58 39 98 
72 83 89 67 17 
68 59 83 62 1 
4 81 74 92 22 
2 69 8 44 73 
