100
9 47 24 21 68 
71 11 43 96 17 
80 34 46 86 33 
8 93 16 10 74 
55 89 57 99 54 
39 8 10 5 20 
21 2 22 37 43 
79 40 31 9 39 
78 89 4 59 42 
77 16 93 32 57 
96 28 87 26 98 
26 38 29 14 9 
85 63 6 24 47 
79 8 1 80 13 
10 59 28 22 73 
58 55 75 1 70 
44 40 8 83 41 
91 51 46 44 30 
76 32 16 22 12 
5 80 85 53 92 
81 43 55 45 23 
32 21 53 73 77 
9 95 42 2 92 
86 97 50 59 87 
50 14 10 62 18 
36 95 39 24 39 
40 3 65 27 19 
94 39 99 62 79 
56 35 19 16 66 
2 26 38 43 64 
3 85 21 2 60 
83 56 47 26 39 
24 13 4 18 18 
9 79 5 84 8 
86 37 25 16 80 
65 76 56 60 66 
92 24 66 60 56 
88 86 8 80 7 
37 86 28 44 4 
22 99 22 42 20 
66 30 43 81 71 
49 95 93 43 72 
29 87 46 84 52 
84 90 94 16 8 
37 34 10 38 96 
6 54 71 17 34 
98 94 60 37 11 
39 42 42 9 42 
36 70 89 47 32 
24 98 57 26 51 
78 84 72 42 74 
92 92 69 77 87 
67 45 11 59 67 
73 21 90 55 38 
38 18 11 19 23 
53 55 58 44 26 
69 3 64 83 51 
31 7 64 59 28 
45 56 37 50 6 
30 19 86 40 54 
12 50 80 7 12 
37 13 86 5 60 
85 69 19 98 70 
37 45 19 37 57 
46 79 17 58 79 
66 71 48 16 88 
34 32 16 22 90 
39 87 34 30 5 
13 10 42 64 15 
97 48 75 22 99 
63 61 61 79 83 
92 46 4 69 54 
81 71 30 47 84 
33 22 83 3 45 
18 75 7 90 14 
68 43 14 63 93 
38 22 62 31 56 
22 70 22 49 93 
64 62 88 36 96 
91 98 8 81 19 
25 14 9 3 36 
94 90 45 41 43 
45 37 54 82 14 
98 22 26 2 45 
20 45 57 13 39 
90 43 29 16 43 
66 55 53 85 43 
25 23 6 58 48 
14 91 47 81 57 
88 77 28 97 30 
75 76 48 92 84 
71 35 61 85 100 
73 25 45 95 71 
58 92 18 56 88 
96 90 66 58 54 
77 80 40 22 31 
27 86 81 19 32 
81 16 56 55 81 
13 33 26 63 79 
99 34 38 60 5 
