100
87 73 51 38 20 
40 88 56 93 25 
11 40 5 86 92 
91 96 20 86 16 
53 66 79 55 1 
29 92 30 7 24 
99 39 85 80 65 
31 9 50 78 34 
54 92 40 35 14 
70 68 91 68 31 
17 43 19 37 59 
63 93 90 31 22 
14 51 49 35 93 
35 98 29 13 82 
69 32 70 80 90 
85 88 14 41 24 
37 76 62 8 22 
84 13 92 46 67 
57 94 67 89 98 
65 83 3 63 28 
12 38 87 21 98 
79 21 40 65 55 
91 57 50 68 56 
69 14 53 21 94 
97 83 53 21 74 
5 62 66 72 88 
80 11 46 92 62 
21 89 39 28 28 
46 56 50 47 15 
2 32 24 2 63 
79 70 57 67 44 
88 14 8 33 1 
87 33 24 75 10 
82 84 29 15 72 
51 79 67 97 95 
89 72 51 41 95 
43 50 7 99 46 
79 41 96 40 16 
55 43 32 3 71 
25 94 68 91 13 
64 11 47 20 15 
94 68 43 22 59 
44 20 53 22 25 
81 17 19 45 55 
72 83 13 7 11 
1 39 95 84 28 
30 100 49 72 96 
62 55 19 74 22 
48 77 100 48 88 
95 45 77 84 62 
28 30 30 12 41 
53 57 25 81 14 
64 83 80 70 72 
62 93 31 55 48 
37 13 3 10 86 
67 100 10 19 59 
93 81 17 81 37 
31 64 86 57 16 
35 70 40 98 39 
35 44 87 7 93 
83 22 98 24 25 
50 54 77 92 10 
60 2 96 43 64 
36 54 36 46 77 
83 77 53 67 38 
44 38 96 26 76 
85 18 67 75 87 
40 12 68 15 38 
26 82 22 98 11 
97 70 74 33 63 
56 99 80 6 94 
57 55 20 84 65 
12 96 28 12 18 
25 1 65 7 5 
37 26 56 20 98 
67 44 71 23 1 
98 80 80 51 7 
80 67 40 67 69 
79 100 93 1 95 
92 62 99 81 73 
59 5 89 9 22 
39 32 54 38 28 
70 52 45 52 67 
74 24 14 55 52 
30 48 66 24 65 
28 91 46 37 5 
53 7 90 3 59 
70 38 72 37 71 
94 29 95 14 89 
65 78 95 91 78 
67 64 23 58 97 
34 1 44 83 2 
99 71 27 16 90 
16 26 75 98 21 
87 37 66 94 59 
80 99 89 31 10 
65 13 55 22 48 
8 36 92 28 26 
100 72 6 30 9 
94 11 28 46 10 
