100
75 20 23 36 24 
71 74 43 55 55 
36 51 57 38 54 
4 31 60 38 90 
74 42 50 76 36 
84 4 32 99 66 
9 81 5 28 22 
72 88 19 75 45 
25 92 87 44 27 
79 60 51 4 96 
97 6 23 11 88 
49 98 3 5 83 
12 51 24 82 68 
16 14 14 84 90 
79 67 25 54 82 
90 55 1 14 35 
49 63 72 63 16 
30 42 33 84 6 
55 18 41 71 70 
62 23 43 1 82 
42 62 45 69 6 
62 4 43 42 71 
24 41 52 49 99 
58 20 71 89 98 
46 77 97 42 11 
69 40 29 20 70 
45 35 73 85 10 
51 1 57 36 70 
87 54 97 31 62 
35 78 17 71 37 
85 2 83 68 21 
34 68 22 21 91 
69 66 56 69 66 
35 89 49 18 86 
92 44 43 98 9 
34 51 71 17 52 
98 97 9 15 33 
28 66 63 34 81 
62 36 43 12 28 
73 71 10 95 38 
88 61 59 20 48 
58 33 61 43 87 
88 82 83 31 57 
2 42 23 75 83 
65 43 62 100 93 
70 87 22 30 48 
80 4 9 70 64 
11 100 11 57 94 
82 73 71 7 9 
54 82 67 26 39 
86 37 79 48 83 
75 29 30 15 44 
3 45 26 50 43 
93 33 76 82 41 
64 56 75 43 11 
88 37 39 56 42 
27 63 34 86 58 
88 37 4 21 59 
26 24 44 67 28 
91 59 51 25 11 
91 39 39 98 75 
76 22 4 77 82 
66 91 87 3 11 
84 57 6 41 17 
74 17 15 33 83 
40 76 16 81 54 
36 77 86 58 97 
30 34 29 37 79 
28 14 93 74 83 
95 44 87 85 71 
67 96 23 97 65 
80 79 24 14 18 
84 12 85 45 59 
78 47 46 3 32 
28 62 22 48 64 
15 83 31 11 66 
36 50 10 98 34 
65 74 60 4 9 
11 87 94 64 2 
47 46 50 60 67 
40 63 99 92 39 
32 32 17 51 40 
91 33 68 92 78 
96 33 87 93 5 
47 53 99 88 21 
78 2 96 4 79 
77 22 79 44 11 
6 56 73 4 14 
75 76 88 85 61 
9 28 16 65 46 
26 96 27 36 37 
41 78 30 65 4 
76 37 77 77 5 
21 38 87 36 88 
17 36 2 29 54 
77 65 97 68 19 
46 38 48 77 48 
71 82 94 8 96 
7 30 78 71 41 
33 25 65 85 68 
