100
12 57 31 81 97 
70 33 13 10 15 
21 61 56 87 93 
2 67 6 77 79 
93 21 48 10 66 
50 4 50 17 8 
49 44 70 63 73 
43 40 79 89 18 
19 16 4 98 94 
61 88 42 74 1 
26 31 95 4 20 
28 37 82 71 51 
3 99 48 23 16 
79 19 95 22 72 
18 27 56 11 8 
33 49 16 69 62 
20 35 55 96 7 
60 79 69 98 94 
74 38 68 40 76 
70 85 96 18 45 
9 74 4 37 26 
57 6 84 45 53 
52 48 30 13 61 
72 49 47 5 61 
21 23 20 14 96 
61 39 84 62 52 
77 65 71 79 83 
59 44 74 45 18 
42 75 33 47 82 
18 83 57 68 72 
54 95 75 12 9 
38 51 93 71 81 
14 28 41 23 17 
93 19 62 70 69 
34 42 35 34 20 
36 62 28 22 45 
86 12 55 39 83 
39 22 52 20 12 
6 2 85 39 94 
27 99 51 45 61 
65 63 8 61 86 
22 65 34 37 41 
37 49 93 5 86 
85 61 22 91 42 
16 62 66 79 47 
99 39 12 72 33 
31 16 7 60 88 
12 49 91 92 26 
8 41 70 90 6 
73 28 22 81 25 
31 61 35 99 29 
78 65 45 69 60 
29 47 14 68 70 
71 65 77 9 29 
89 35 13 1 13 
66 56 99 85 62 
24 97 3 49 53 
31 17 1 57 56 
3 45 83 66 26 
76 30 81 28 1 
29 53 21 97 95 
41 19 18 49 95 
9 84 41 46 2 
2 70 7 73 4 
90 1 70 17 15 
72 32 48 21 82 
81 92 91 21 50 
97 34 100 11 49 
51 77 29 76 12 
40 65 96 9 66 
96 34 53 96 49 
62 8 19 82 85 
29 25 87 10 21 
3 29 50 19 64 
26 81 51 61 63 
3 78 74 55 7 
19 76 32 35 72 
33 13 5 52 38 
57 95 69 7 58 
35 68 78 98 49 
61 82 48 49 5 
99 33 68 29 85 
61 39 96 49 52 
24 10 35 81 30 
49 20 2 88 74 
28 19 42 72 26 
1 53 20 25 44 
60 80 4 21 55 
24 88 34 44 44 
25 4 64 87 19 
74 93 57 92 75 
87 91 71 26 53 
76 59 27 86 12 
51 91 80 66 78 
80 1 16 32 91 
1 2 48 35 32 
12 24 27 22 16 
7 45 17 8 53 
98 23 42 2 34 
89 26 21 84 67 
