100
65 95 23 21 79 
41 39 96 31 51 
63 27 68 27 97 
25 64 46 17 16 
85 14 4 75 32 
86 87 33 29 38 
51 59 98 6 24 
44 7 50 27 43 
3 37 87 13 59 
52 43 18 39 30 
89 60 3 65 27 
18 27 22 3 71 
65 67 46 94 5 
16 13 9 23 76 
19 15 34 25 63 
75 17 14 94 45 
74 82 43 23 36 
63 15 57 98 76 
8 6 75 40 2 
41 89 87 96 29 
48 71 46 29 52 
77 31 84 23 26 
78 61 73 2 70 
8 75 76 22 34 
3 15 32 14 78 
80 58 52 75 60 
59 91 72 19 72 
19 44 61 31 33 
28 28 10 32 28 
6 29 44 37 99 
25 14 44 12 25 
60 78 20 87 83 
12 44 77 59 70 
63 46 22 27 19 
91 97 40 67 82 
24 70 70 86 57 
64 61 43 61 14 
81 41 79 3 44 
72 46 13 34 37 
90 78 75 16 10 
13 44 91 41 20 
28 7 14 73 78 
35 27 75 1 78 
47 85 3 30 8 
50 63 66 4 21 
90 73 47 77 9 
69 27 90 57 11 
19 38 47 65 46 
19 87 58 88 82 
72 98 100 45 95 
98 66 70 62 44 
75 50 44 12 46 
66 91 9 12 5 
73 91 70 37 19 
11 17 25 47 10 
99 34 58 60 95 
17 68 27 5 51 
49 52 62 90 88 
85 92 1 2 86 
55 56 100 91 39 
2 9 82 29 90 
72 99 25 61 83 
55 30 42 70 23 
38 6 55 94 96 
59 55 42 37 39 
33 57 10 33 58 
95 8 3 45 57 
98 51 45 32 60 
2 22 16 91 84 
81 53 96 97 93 
75 54 61 55 90 
91 18 1 88 55 
77 19 36 65 31 
50 93 34 97 90 
63 4 26 16 23 
56 99 29 73 80 
59 79 59 45 30 
58 1 56 60 22 
51 60 87 43 92 
49 50 93 69 40 
54 4 55 28 43 
84 35 35 78 75 
54 17 33 40 97 
15 36 11 39 52 
69 47 14 91 89 
27 68 8 68 50 
98 20 70 45 88 
52 68 76 76 5 
6 98 78 8 73 
53 33 73 36 14 
4 66 75 77 43 
46 1 34 4 39 
98 24 31 41 87 
27 50 49 45 81 
87 78 96 13 48 
64 25 22 60 87 
86 35 68 14 52 
99 97 46 24 99 
49 61 99 20 17 
9 43 85 5 30 
