100
98 98 76 2 69 
98 100 1 36 58 
50 45 78 34 43 
1 11 87 70 27 
61 80 77 50 8 
90 83 90 11 27 
93 27 100 29 94 
69 100 72 62 32 
11 86 10 47 59 
56 13 98 29 67 
74 37 78 97 65 
47 47 33 90 45 
47 21 70 89 94 
47 66 35 75 16 
33 76 84 81 93 
48 78 52 98 38 
93 31 50 24 33 
92 18 16 82 90 
82 30 35 15 32 
3 37 99 83 12 
64 28 67 1 10 
28 30 50 87 25 
62 52 35 29 73 
87 47 38 82 35 
92 28 90 41 74 
49 3 38 67 58 
6 8 33 74 39 
56 25 87 90 71 
54 85 41 84 95 
10 80 68 4 44 
95 2 98 20 6 
14 89 80 87 13 
74 92 30 42 98 
72 53 53 98 94 
88 37 55 35 27 
63 53 41 71 9 
24 13 43 1 3 
66 43 53 100 63 
28 77 97 48 60 
80 25 24 89 14 
68 48 25 34 37 
72 32 24 98 8 
65 36 82 61 12 
31 87 54 5 42 
7 45 58 37 73 
79 99 8 68 77 
83 73 99 30 40 
43 25 70 28 48 
65 72 71 67 51 
32 4 72 70 23 
23 69 73 28 46 
81 73 33 96 47 
16 91 59 22 64 
87 38 36 67 67 
43 18 19 41 80 
11 71 10 85 37 
77 62 26 25 8 
16 90 38 29 57 
2 66 61 27 90 
60 85 17 62 38 
47 90 42 22 91 
46 32 25 54 100 
66 21 66 2 93 
40 58 31 51 63 
49 12 50 7 83 
39 98 11 16 73 
65 22 36 94 67 
33 21 92 69 99 
84 92 38 97 16 
12 76 28 64 15 
53 36 82 58 20 
39 61 57 100 88 
85 50 71 59 52 
70 59 23 53 98 
80 30 16 100 19 
80 64 16 69 54 
93 86 77 42 59 
18 99 54 44 96 
96 2 54 98 23 
4 9 27 87 22 
87 89 56 9 95 
75 48 22 76 78 
41 39 7 10 89 
17 44 77 23 95 
48 72 74 42 65 
34 81 73 79 50 
9 60 20 45 98 
46 25 97 16 56 
3 17 3 93 20 
38 91 71 49 27 
1 36 65 93 39 
91 1 53 58 89 
96 16 50 25 7 
66 1 100 38 6 
25 13 5 9 13 
81 9 30 21 35 
31 19 85 76 3 
3 45 65 15 52 
6 86 58 47 95 
96 73 7 14 58 
