100
37 91 78 18 95 
56 51 71 22 66 
60 26 73 18 54 
62 73 59 97 45 
33 15 20 90 43 
77 10 17 64 9 
32 34 71 66 31 
26 16 12 34 23 
30 95 13 42 67 
96 21 44 24 47 
72 6 93 33 81 
27 1 37 33 41 
26 11 37 30 44 
85 44 1 68 42 
93 84 10 51 70 
71 90 76 41 36 
20 41 92 25 79 
59 32 79 28 15 
78 39 54 98 41 
92 56 11 81 96 
95 41 57 8 67 
76 9 27 45 91 
74 43 57 56 22 
57 1 37 2 39 
62 92 71 99 33 
94 37 30 67 32 
66 6 34 18 34 
58 46 53 21 65 
88 69 26 46 82 
76 79 54 37 66 
30 11 89 34 94 
74 46 30 81 69 
100 96 91 88 28 
61 3 41 22 46 
77 58 95 41 82 
19 45 97 97 57 
98 100 13 39 58 
79 9 87 13 15 
32 21 80 23 68 
85 25 53 72 26 
6 55 23 52 15 
72 25 19 56 28 
26 9 65 12 70 
11 29 70 47 51 
66 77 38 94 99 
49 97 41 34 19 
54 90 85 13 57 
47 75 69 85 1 
27 67 24 19 96 
5 74 74 46 79 
23 57 42 47 32 
8 1 99 18 9 
73 87 1 55 72 
70 5 45 63 74 
22 79 64 36 77 
74 13 49 96 22 
24 90 71 98 8 
42 6 62 69 72 
35 40 9 68 36 
50 19 100 94 25 
20 100 69 60 57 
30 24 59 4 44 
25 9 28 11 82 
41 60 62 51 50 
33 24 72 83 71 
51 96 51 29 6 
100 88 89 30 69 
36 91 85 56 41 
91 67 52 17 62 
50 48 14 18 90 
32 27 59 23 89 
97 45 20 80 70 
16 96 50 80 2 
10 47 50 90 57 
71 36 44 6 70 
16 46 72 36 50 
23 31 32 84 19 
69 10 43 82 38 
37 55 74 98 22 
25 63 89 23 67 
62 70 48 48 82 
9 91 20 11 64 
20 48 86 77 68 
58 99 7 36 32 
42 98 86 41 20 
64 67 50 5 62 
92 100 23 81 34 
63 81 31 30 31 
67 38 3 37 44 
11 27 18 29 55 
13 88 77 92 68 
70 89 47 25 67 
15 63 26 23 44 
96 91 70 26 49 
64 42 48 38 77 
55 67 58 86 66 
55 31 66 36 100 
7 10 1 51 69 
12 89 61 49 18 
77 98 21 66 27 
