86 89 48
313 254 904 434 606 978 748 569 473 317 263 562 234 592 262 596 189 376 332 310 99 674 959 298 153 437 302 205 854 800 6 363 955 689 820 75 834 415 660 477 737 477 592 220 888 500 357 452 333 676 55 536 345 358 229 504 884 600 151 486 683 598 996 908 514 865 528 859 716 615 58 522 87 192 731 1 797 688 562 241 708 485 69 379 695 759 810 617 526 
374 620 53 825 101 601 436 650 674 232 94 575 494 624 508 543 903 547 967 180 151 833 857 366 377 745 450 569 8 203 490 76 116 96 621 699 234 19 528 271 550 705 295 856 864 291 16 436 288 28 511 362 863 590 679 95 892 463 994 842 823 97 701 275 157 64 307 357 849 156 957 349 283 46 891 746 888 935 777 308 742 35 696 370 770 229 695 708 440 
340 935 206 998 587 528 709 102 199 691 260 38 33 805 432 181 315 709 266 196 607 883 138 102 267 732 417 718 345 494 991 836 979 268 698 883 763 374 800 954 889 969 972 940 158 150 676 831 268 666 675 750 720 946 19 939 608 24 786 941 239 78 869 97 648 958 962 576 647 939 911 509 98 848 584 561 502 699 925 165 134 166 770 251 415 498 217 386 799 
903 842 20 651 853 210 405 703 192 329 106 153 668 821 708 303 885 229 136 158 641 608 764 28 236 371 776 989 63 681 294 610 495 204 167 905 21 970 444 213 495 524 629 333 763 608 306 66 323 206 916 778 98 31 463 3 969 289 759 649 102 527 163 519 809 989 266 452 620 394 905 477 423 998 310 249 486 714 268 562 503 367 563 270 499 199 555 197 809 
784 165 773 457 911 462 882 268 625 305 769 669 900 256 675 132 372 815 927 887 81 421 856 53 894 79 406 849 268 347 328 847 613 534 207 974 869 10 789 154 323 504 836 733 973 429 540 161 673 308 604 308 224 777 850 425 140 173 389 911 283 851 759 504 748 493 961 840 854 756 894 312 423 778 249 414 794 845 155 275 978 243 884 608 963 173 387 918 528 
809 97 353 846 536 375 920 800 224 47 467 644 431 912 441 914 717 100 22 405 524 836 109 90 295 51 680 917 276 311 569 740 183 868 43 371 725 794 194 765 850 263 28 828 671 984 618 304 483 672 647 555 589 787 44 438 675 892 526 372 507 291 541 780 187 618 65 724 134 406 467 416 430 859 709 138 777 881 359 20 826 890 119 849 284 893 476 489 309 
565 439 483 325 50 663 933 945 209 832 583 816 431 959 69 530 521 628 299 456 903 627 275 828 62 537 569 366 877 609 552 495 544 576 446 190 608 651 818 653 187 618 646 295 983 609 351 384 874 867 249 41 30 836 48 950 616 457 633 430 543 406 743 791 41 388 657 75 985 884 224 971 325 437 263 54 60 102 291 293 845 824 178 223 226 155 480 572 4 
476 452 616 608 247 225 671 270 159 888 519 858 463 867 422 939 148 212 273 689 9 52 781 765 270 760 894 368 767 550 826 893 348 517 881 386 914 674 876 633 989 287 15 30 520 926 164 1 147 139 508 3 24 47 645 157 538 25 339 843 346 647 876 360 623 770 253 779 513 71 906 839 938 26 46 265 514 677 295 738 886 846 324 309 380 399 47 338 550 
423 473 240 376 830 894 185 456 165 470 575 385 12 829 460 211 493 568 120 378 29 484 268 250 411 813 899 412 25 503 392 496 176 253 777 535 392 76 555 827 732 130 584 413 644 129 412 554 892 866 949 108 970 599 473 369 693 234 561 306 416 691 850 938 118 426 588 473 0 705 892 404 938 933 508 738 827 161 419 405 499 719 863 331 159 652 157 929 144 
23 307 403 449 14 270 514 119 284 149 618 195 259 470 47 83 250 870 804 919 59 564 191 158 356 439 492 433 231 502 149 351 329 622 571 432 939 582 531 461 280 150 152 764 316 590 720 2 741 795 46 73 482 12 972 785 436 803 955 267 876 846 905 472 563 221 485 696 96 975 337 446 698 581 37 232 754 248 340 261 699 798 749 583 281 223 112 577 691 
518 723 282 663 963 529 766 889 629 862 853 727 972 113 437 316 781 653 59 631 759 622 191 679 771 877 733 197 688 416 872 6 132 785 761 196 526 449 765 968 728 833 172 22 803 501 702 484 226 429 472 288 369 922 124 270 574 737 815 283 461 758 851 873 25 609 733 863 798 454 617 987 612 275 153 447 22 595 884 54 881 297 899 969 496 484 880 795 284 
790 295 541 848 128 758 806 186 486 729 979 782 554 470 655 813 392 871 847 610 645 269 909 461 37 330 654 225 272 631 42 936 104 684 408 958 809 902 547 530 509 90 125 185 363 736 775 293 787 226 714 899 369 492 5 546 332 846 827 711 98 485 856 334 506 80 392 355 381 237 700 38 393 483 90 988 124 987 487 546 794 16 108 693 850 229 411 29 883 
349 692 424 615 390 416 354 537 999 961 618 752 208 268 896 400 801 524 91 961 435 388 783 342 498 753 627 517 980 42 169 174 787 85 134 673 758 367 793 168 774 479 312 175 44 279 54 692 664 560 105 22 748 370 600 502 790 485 650 476 237 30 802 0 571 425 134 310 113 112 46 677 408 389 857 420 603 250 539 145 610 914 228 248 394 171 906 740 104 
875 54 629 156 508 764 486 226 774 516 505 107 311 461 690 642 673 161 757 163 848 372 188 662 582 606 681 265 933 320 557 163 265 147 322 445 432 212 731 795 870 323 750 800 897 763 331 600 918 452 733 734 342 412 145 734 800 732 407 53 644 726 252 172 97 421 953 516 876 692 948 131 223 809 914 772 289 315 949 645 127 277 999 338 487 335 372 199 708 
146 677 330 771 113 6 439 537 359 349 205 263 891 949 829 699 872 631 907 596 161 716 582 497 242 762 737 15 193 728 356 574 643 15 436 662 43 743 478 387 854 43 996 978 810 458 102 647 13 35 322 733 737 852 710 633 781 447 609 155 679 898 513 17 909 513 184 834 290 362 608 828 742 901 925 891 759 662 58 223 579 672 707 400 120 88 465 969 802 
355 229 102 691 861 516 555 706 455 664 858 690 700 663 512 410 16 932 485 125 126 100 63 416 932 947 922 241 109 677 286 127 755 648 876 612 638 174 86 566 374 57 491 341 913 671 475 768 361 541 941 952 461 736 587 566 10 742 350 48 454 459 188 438 266 40 18 507 593 373 351 727 601 303 216 609 884 597 465 746 627 340 374 365 600 379 815 618 215 
81 969 930 769 154 375 388 268 472 836 414 530 797 35 336 83 999 213 946 354 925 30 109 850 494 965 87 771 329 166 752 797 846 766 969 439 235 714 917 949 147 677 16 124 442 132 556 106 411 799 978 183 130 374 981 218 349 469 458 890 805 254 948 674 978 65 636 119 285 163 909 97 599 921 693 851 918 671 464 977 649 641 15 222 344 860 253 943 78 
98 602 248 219 585 377 768 530 663 244 523 97 5 935 572 175 124 914 717 912 400 264 213 595 95 756 436 36 862 251 150 62 489 980 857 848 741 956 21 160 940 559 744 318 11 168 3 239 699 866 604 298 11 167 392 942 910 589 109 402 734 569 713 7 149 611 259 632 756 601 20 882 602 944 321 822 682 140 48 851 42 857 5 8 499 538 512 343 570 
631 820 477 786 636 286 462 67 459 576 430 555 420 705 706 927 635 363 661 871 263 57 679 492 123 203 615 950 942 359 953 486 53 510 34 188 631 864 768 838 9 277 167 310 368 345 670 631 100 354 296 612 661 49 687 149 293 427 602 566 508 331 207 534 747 142 828 417 296 299 695 970 296 645 206 17 251 878 929 661 352 249 979 750 593 756 239 113 610 
737 598 609 619 623 175 958 501 570 168 341 577 539 769 412 260 957 544 704 367 182 470 605 34 854 889 529 304 271 851 285 278 656 927 97 550 272 307 579 880 52 73 244 927 221 200 535 889 313 64 631 672 924 547 204 479 890 958 569 166 748 895 533 398 541 192 772 912 808 545 761 783 160 924 34 846 43 578 656 868 468 611 994 68 892 595 69 1 652 
911 402 23 89 895 884 724 804 182 892 934 117 692 811 174 155 292 795 314 35 873 178 496 731 940 620 309 714 185 973 518 398 288 504 462 768 647 678 487 872 212 518 884 609 791 789 450 337 614 875 62 120 427 330 41 506 320 707 865 122 395 286 641 572 868 182 121 71 171 632 504 838 958 334 869 898 960 212 309 462 638 261 607 998 323 3 716 548 659 
601 946 608 612 343 911 180 952 666 266 9 375 677 773 362 42 432 79 491 34 995 510 653 471 199 305 201 444 57 803 926 152 36 636 497 72 946 690 32 687 286 654 627 255 65 409 503 673 808 564 224 857 758 710 915 701 387 168 757 796 320 581 580 51 998 973 128 818 747 257 284 86 920 944 119 31 489 704 514 706 705 465 590 313 722 963 139 821 534 
111 511 926 294 907 345 25 348 415 329 336 830 605 366 496 930 814 691 540 408 486 911 630 321 201 927 366 498 480 362 611 677 908 385 374 604 275 986 974 834 383 888 493 512 747 488 282 201 570 985 968 915 184 689 148 226 330 105 308 531 673 388 938 850 273 729 631 280 992 706 437 796 721 73 509 589 264 550 383 785 745 143 312 45 825 341 814 578 718 
806 422 544 490 29 870 402 954 898 15 717 582 767 122 974 393 392 756 967 567 518 84 990 966 784 9 515 406 14 776 155 866 564 394 117 432 120 93 137 661 384 401 592 561 594 955 948 698 810 358 581 957 353 589 28 863 672 397 424 361 658 479 834 10 862 243 31 86 433 984 43 580 943 929 396 838 114 649 90 610 145 327 624 93 670 468 159 598 68 
897 624 464 954 862 892 74 393 190 146 713 30 822 427 205 988 219 566 320 273 235 35 387 931 259 118 907 935 848 931 736 422 242 112 598 877 474 147 941 567 213 584 459 209 824 415 986 793 147 65 963 28 562 781 777 563 270 699 523 801 699 731 201 396 546 915 184 749 23 420 632 406 781 807 90 127 621 962 887 140 245 673 380 935 821 298 978 93 620 
193 842 472 409 85 341 921 791 525 425 871 8 347 911 104 626 395 121 491 374 231 994 80 957 379 478 845 573 15 472 670 690 359 554 823 744 147 199 305 307 179 149 639 33 803 278 443 40 71 285 274 274 27 845 361 815 826 309 211 209 465 856 80 162 302 938 579 849 410 356 608 804 809 768 0 440 578 152 930 163 919 49 856 626 811 125 387 767 218 
654 84 915 18 726 833 465 996 131 815 10 847 456 2 805 9 999 351 134 59 443 209 495 712 409 536 21 249 246 259 945 168 923 893 63 919 846 635 219 477 323 409 559 964 951 348 737 682 237 639 577 281 713 837 105 77 441 887 149 762 412 571 9 760 874 394 418 644 787 524 252 428 701 754 827 6 109 216 622 573 342 741 429 121 863 856 355 907 774 
249 878 954 858 481 803 964 511 919 751 245 907 391 849 45 437 305 147 361 309 668 703 904 542 453 589 960 928 336 274 829 283 937 157 925 589 232 772 51 796 927 747 389 328 993 452 340 439 448 354 705 12 771 255 951 930 50 606 192 394 112 555 863 724 892 462 991 105 764 742 510 447 670 442 90 615 580 899 191 8 76 693 169 126 449 116 596 133 225 
179 398 695 548 136 494 277 926 908 467 90 505 230 387 939 162 711 239 971 846 32 543 331 384 351 839 583 498 737 845 987 126 569 582 36 392 367 53 211 282 835 863 516 115 944 550 541 789 759 71 794 193 48 538 349 66 973 510 18 42 130 118 273 125 620 844 949 56 858 152 993 221 593 302 818 6 865 529 320 700 21 552 734 491 376 955 512 139 394 
649 68 398 115 42 858 153 222 236 685 993 862 20 99 731 975 779 841 927 931 659 824 834 53 812 4 463 650 183 802 306 947 158 601 841 567 678 554 950 806 402 466 733 288 253 158 263 555 819 909 801 956 605 921 316 668 384 727 953 284 497 639 809 988 271 677 78 84 644 973 346 94 697 630 786 698 974 381 246 681 259 794 40 30 133 127 790 998 80 
405 198 240 749 809 765 104 81 260 459 421 683 560 927 114 743 574 603 842 371 388 916 420 725 331 520 622 39 799 579 270 256 16 136 236 664 942 945 547 736 321 572 758 60 214 266 479 806 69 884 163 640 487 924 105 654 230 677 761 310 348 440 513 892 125 381 611 654 881 674 122 16 513 187 259 117 443 478 633 676 129 953 952 291 363 675 427 890 821 
507 609 686 27 377 914 888 496 112 920 425 422 348 929 589 104 821 472 306 52 928 947 547 196 455 671 517 91 380 359 285 60 39 780 219 438 401 646 584 893 93 497 280 546 250 43 179 906 991 953 70 820 732 137 624 643 728 75 756 915 140 33 771 657 116 389 290 323 61 329 199 39 560 377 28 600 937 757 526 410 268 970 573 199 293 713 511 186 322 
695 955 240 855 163 487 670 358 439 31 958 673 678 387 931 581 67 771 796 141 106 17 142 496 968 395 817 992 148 428 492 648 129 671 141 49 420 735 129 969 768 93 177 800 257 518 437 232 349 128 306 369 958 834 808 399 93 710 407 257 152 627 695 902 140 587 334 581 166 573 355 17 851 936 834 495 63 326 65 6 490 736 503 434 743 691 260 109 502 
959 500 899 841 704 165 240 868 211 367 920 685 303 427 786 875 405 4 546 451 813 315 922 846 310 670 28 326 42 608 270 487 260 348 611 522 95 843 866 741 884 733 653 822 647 748 784 678 767 91 76 123 560 142 983 653 103 748 522 946 761 190 527 900 768 35 836 872 299 996 81 195 369 979 913 765 650 937 824 295 154 332 210 872 611 63 988 427 742 
843 873 228 701 356 883 122 416 54 860 535 290 126 775 561 463 853 280 301 92 191 53 378 707 138 920 160 866 18 562 796 407 1 637 731 82 452 741 83 855 944 565 409 998 947 2 357 129 560 358 91 617 10 523 818 526 897 161 503 465 523 966 588 687 401 553 993 452 154 171 60 585 398 3 605 581 520 749 626 59 766 126 130 621 397 654 405 973 262 
434 272 212 693 237 759 177 40 186 330 671 532 257 130 475 202 395 189 393 105 860 92 890 654 373 454 204 430 122 110 382 596 574 376 750 389 865 817 762 192 428 91 631 684 913 967 873 170 233 901 999 626 331 535 770 657 734 221 234 535 164 985 517 799 731 290 189 583 344 790 581 247 466 888 536 767 385 369 165 905 465 370 411 694 807 48 469 381 926 
80 587 957 134 930 437 107 754 619 900 71 189 154 30 321 209 52 269 1 483 298 766 92 190 472 529 946 986 625 794 244 345 46 682 116 950 901 474 509 706 470 934 777 716 25 802 352 876 67 196 894 581 304 117 494 973 418 125 698 290 343 938 613 986 368 845 319 79 326 145 79 253 600 376 568 874 831 252 522 401 170 63 729 698 277 496 251 481 468 
363 154 786 110 499 825 846 541 366 204 301 33 989 456 72 260 735 369 193 8 161 906 698 277 452 399 510 175 762 703 632 131 286 693 262 170 320 470 697 143 506 933 892 90 995 113 423 95 437 264 79 600 876 157 227 487 901 92 341 672 144 103 115 987 12 545 434 311 398 223 822 458 270 183 352 269 894 320 261 812 959 417 398 700 497 549 945 804 839 
900 20 950 269 910 81 647 776 704 482 234 384 672 706 107 340 773 430 310 634 176 414 16 225 575 652 142 629 576 840 138 766 171 829 540 582 624 196 284 685 183 723 733 979 838 513 981 977 141 577 922 300 101 168 871 655 687 724 283 339 962 860 514 998 724 270 821 358 849 865 701 200 153 663 877 978 916 870 789 537 161 996 411 687 172 445 756 60 509 
691 736 688 941 368 43 387 812 618 823 105 542 179 383 277 772 844 759 209 238 150 367 191 110 645 518 216 848 402 219 894 677 99 887 703 247 641 510 121 407 885 669 212 546 319 805 577 194 357 237 941 992 405 358 569 568 839 231 890 365 26 273 768 603 882 29 629 299 58 842 851 121 987 979 34 313 393 60 518 32 206 204 545 327 742 382 818 922 799 
339 553 295 442 634 549 2 682 215 324 525 816 305 143 101 609 380 824 504 21 223 753 242 404 601 562 638 62 741 253 466 687 132 602 235 462 433 674 247 945 183 883 634 95 55 599 24 625 102 745 826 118 387 837 99 329 542 907 58 881 12 712 330 773 679 216 716 362 563 572 534 50 499 451 29 42 601 313 598 929 140 489 107 256 788 560 721 459 793 
776 885 162 377 77 367 68 9 64 726 793 563 821 747 689 925 515 530 566 138 103 811 644 914 629 255 337 541 693 318 836 924 862 941 350 184 345 332 399 916 45 30 863 549 74 618 291 307 844 814 351 103 910 859 614 276 512 691 891 642 119 479 266 949 688 85 537 348 440 199 837 870 563 519 170 799 839 286 738 519 500 932 809 876 386 353 227 878 599 
538 586 760 908 463 416 639 779 10 758 242 863 826 303 297 671 885 828 443 248 28 844 559 742 200 479 364 639 914 455 724 637 768 716 235 406 356 659 77 594 382 146 765 512 114 914 323 444 860 977 397 281 48 708 830 919 686 253 555 881 930 527 954 686 810 883 390 874 528 101 901 537 967 728 202 327 107 379 478 639 889 471 642 622 13 125 271 986 547 
993 710 172 925 981 644 575 219 139 589 493 424 300 362 85 561 790 21 586 392 876 976 635 311 384 733 322 305 702 632 172 482 837 297 68 278 543 190 908 647 98 661 313 600 50 783 449 30 301 400 68 287 723 787 436 570 472 371 395 838 896 748 864 815 982 735 69 850 376 764 503 42 658 362 883 379 565 194 546 396 548 298 824 722 35 805 127 399 341 
791 619 825 776 151 994 862 375 885 914 774 28 354 742 681 7 207 55 175 544 942 851 790 597 461 580 326 824 345 87 25 257 270 576 590 59 388 55 924 413 934 145 331 719 525 581 431 831 753 928 662 463 7 320 976 725 701 378 687 743 378 145 540 144 452 188 80 556 377 442 396 556 383 284 472 6 999 231 16 548 427 276 325 407 665 494 639 743 639 
104 328 314 38 712 756 944 84 844 141 854 113 303 82 703 427 512 591 675 837 864 640 114 978 46 320 282 775 200 582 761 295 360 462 999 400 337 870 722 986 84 423 464 8 491 755 379 143 849 414 852 267 221 20 687 713 401 426 118 719 667 105 716 856 111 45 153 580 295 205 805 371 808 946 779 346 242 730 491 422 179 790 260 166 945 183 716 357 843 
248 741 436 714 477 295 999 497 129 636 350 766 285 427 987 52 228 572 771 790 819 381 893 82 838 527 136 232 918 152 402 214 742 653 282 762 101 148 511 594 998 444 953 67 354 393 429 988 480 656 615 478 282 499 56 914 753 409 702 95 635 13 667 679 288 113 45 325 965 664 452 110 951 341 611 41 505 331 926 787 841 657 890 435 524 545 514 991 610 
238 693 994 700 832 468 642 794 886 961 162 785 286 396 377 97 35 647 748 789 468 825 711 388 733 304 3 252 365 439 965 142 811 327 435 300 117 642 156 991 198 186 362 950 731 200 110 808 131 289 721 938 897 963 763 597 927 293 250 790 648 708 823 257 146 906 832 600 679 8 286 764 247 845 44 287 515 983 691 352 32 221 107 125 5 791 866 567 579 
781 50 927 273 917 803 719 761 608 845 435 523 916 847 429 323 956 41 632 209 266 98 245 382 103 975 865 862 682 609 536 438 548 386 602 162 309 795 979 203 79 869 473 876 407 26 230 192 404 439 741 714 568 961 314 697 11 728 890 301 935 212 794 650 735 27 851 192 992 669 986 116 881 308 142 503 935 731 195 89 81 809 835 74 867 426 188 885 85 
163 181 673 19 64 954 813 896 75 702 551 659 267 512 737 740 695 799 328 936 485 559 450 367 100 541 844 271 90 551 606 394 43 484 692 514 719 619 713 308 902 384 450 58 434 977 916 539 353 479 579 837 334 143 544 547 955 120 301 161 933 119 817 4 964 349 195 583 934 347 76 7 759 260 462 856 478 200 411 625 95 538 299 859 56 759 661 447 499 
142 17 468 183 679 672 88 331 884 297 558 752 772 889 78 554 710 206 554 731 75 920 116 868 468 85 781 985 51 863 128 367 45 811 493 780 908 97 122 491 731 323 644 923 323 493 195 716 275 607 251 421 92 577 95 788 306 20 800 187 942 41 35 219 192 776 264 360 898 711 6 817 424 213 381 130 340 954 307 96 926 261 464 936 568 649 869 68 975 
765 647 491 941 535 898 724 108 28 968 303 517 590 505 240 6 867 340 904 890 94 403 906 179 260 572 343 890 172 236 87 55 916 23 637 164 605 106 317 219 882 986 540 313 514 493 196 978 320 525 891 291 851 45 343 166 887 948 416 704 559 983 490 951 628 363 269 271 623 528 731 476 703 401 781 713 456 63 26 271 688 541 437 377 415 183 538 12 715 
196 390 820 244 106 56 426 626 328 591 9 658 742 649 824 175 297 196 530 19 476 965 321 113 40 820 73 821 963 608 112 923 422 100 715 497 617 725 540 602 497 735 376 832 378 779 748 597 591 767 536 950 518 410 748 61 473 162 303 73 751 676 902 372 89 39 401 913 416 398 305 760 803 328 790 487 910 406 893 70 463 552 159 959 346 68 76 281 717 
396 70 88 221 347 107 138 15 547 698 240 699 294 38 863 986 720 832 538 568 357 574 126 44 564 546 713 677 271 950 576 463 30 123 564 715 39 65 264 724 517 249 130 838 90 246 147 193 921 177 973 403 509 28 8 931 863 694 977 289 696 853 7 780 492 674 811 484 535 782 331 61 935 515 403 389 909 581 722 492 337 79 324 594 241 474 217 303 901 
463 97 220 186 918 434 87 690 871 312 435 436 758 15 30 54 212 816 276 387 608 14 880 378 468 571 851 133 876 828 885 850 729 926 576 170 235 780 949 443 270 302 662 733 947 983 146 413 800 283 103 761 226 187 553 809 957 895 281 78 94 191 257 178 888 277 563 643 610 530 689 485 242 164 280 627 155 488 182 826 698 442 938 98 447 703 26 866 630 
339 543 815 380 283 486 41 959 625 776 506 519 464 360 979 369 803 700 580 90 182 69 808 31 240 41 723 755 212 520 921 155 787 755 645 507 31 0 850 819 702 58 593 508 457 702 664 837 688 864 747 722 276 788 98 803 993 136 247 835 838 782 626 559 91 448 155 294 645 4 435 384 280 519 823 639 634 694 409 178 168 847 797 793 39 710 206 714 881 
499 755 754 427 233 729 567 807 690 421 474 738 613 78 794 379 626 85 939 175 44 203 534 902 133 181 26 579 392 926 944 373 887 577 572 61 252 426 895 603 965 800 897 281 648 968 732 652 942 145 140 179 381 88 971 821 670 856 305 907 821 535 280 807 870 872 477 384 732 16 219 811 452 911 81 944 145 766 692 910 297 47 911 539 621 245 614 203 774 
625 579 404 298 422 863 189 477 857 274 713 772 649 46 596 829 271 94 960 763 410 132 180 518 170 759 106 503 70 307 324 336 44 243 506 122 221 89 618 720 491 342 300 49 943 205 25 115 339 834 920 619 385 937 132 561 390 96 390 135 991 846 170 714 78 69 32 786 97 202 42 948 335 430 869 510 111 293 462 634 880 251 434 124 295 414 801 430 352 
383 321 115 396 42 443 623 18 981 315 509 638 566 241 675 515 140 823 912 734 735 47 782 608 4 19 787 600 481 96 81 323 247 663 116 72 244 609 475 973 136 39 168 839 920 131 835 274 846 319 867 198 874 16 203 210 65 566 723 887 908 603 525 91 460 901 136 337 320 546 963 98 369 287 679 298 613 413 966 857 239 657 898 36 192 942 773 767 7 
672 720 914 940 528 216 573 762 599 667 913 874 585 785 157 428 528 181 138 281 370 121 51 476 240 841 36 271 867 345 678 337 557 888 812 677 577 517 405 374 57 984 94 814 850 274 531 166 62 566 426 927 125 249 701 328 153 661 786 57 421 833 384 819 896 37 712 586 628 272 878 467 678 204 818 783 649 810 791 442 740 807 288 973 404 808 642 559 359 
18 106 578 823 346 483 250 430 539 723 672 340 110 580 29 283 395 866 482 43 541 78 820 391 684 318 997 986 164 790 493 759 675 799 496 405 432 650 288 411 903 434 419 309 489 435 464 651 32 27 739 987 191 451 568 106 904 921 804 372 744 358 159 685 701 55 797 491 959 994 380 491 484 415 559 708 374 912 457 435 935 783 286 596 413 338 675 642 144 
149 126 844 87 629 680 85 523 812 462 437 748 878 671 81 847 551 40 219 113 167 627 711 13 219 582 524 449 904 648 627 847 910 646 40 15 160 132 906 482 372 439 272 961 171 150 633 443 70 41 704 350 354 226 67 189 442 289 270 416 216 387 697 818 752 370 267 219 537 759 520 461 137 292 366 251 316 710 153 941 104 80 214 273 640 387 698 620 986 
137 551 654 391 193 159 924 719 12 328 846 807 246 293 792 24 992 725 719 125 259 627 985 489 455 849 302 314 169 321 910 670 618 305 216 480 844 570 186 599 329 45 342 324 404 187 649 933 496 288 863 691 167 875 786 556 306 741 170 262 696 275 22 977 738 1 848 576 819 261 919 668 116 686 630 108 861 575 354 364 56 683 576 129 360 598 613 519 31 
694 791 535 260 797 320 529 563 988 116 234 519 893 320 753 259 445 610 275 926 380 183 97 132 347 903 740 201 208 53 269 288 897 122 978 938 483 362 136 323 549 886 594 998 310 920 220 40 432 294 486 634 367 197 888 576 146 190 887 966 789 526 753 554 992 752 666 285 624 685 660 708 784 140 468 803 308 260 735 448 641 13 953 437 932 743 597 711 262 
475 814 244 968 814 8 913 929 291 284 769 33 727 615 74 417 144 886 554 874 783 719 207 958 749 167 371 166 642 612 150 329 496 422 310 622 646 543 449 999 97 667 891 738 900 62 443 669 304 601 887 116 766 297 392 738 697 596 513 890 506 536 801 193 3 162 800 11 204 360 877 822 492 748 206 574 495 653 97 998 78 419 647 296 765 207 721 249 197 
749 210 956 794 119 500 217 519 879 414 522 84 464 75 522 562 553 558 538 885 608 337 82 576 255 981 208 631 54 292 976 957 501 418 112 22 371 2 150 327 192 85 256 466 411 141 384 501 257 287 34 177 555 831 139 809 642 446 249 457 274 726 905 989 384 294 137 691 649 544 602 809 881 840 865 48 101 176 402 595 981 350 345 240 649 767 847 324 919 
252 478 494 439 570 90 673 955 1 651 901 93 890 82 824 223 467 344 597 634 479 486 342 11 582 244 294 96 252 530 207 291 877 196 298 112 862 485 462 121 775 788 687 324 340 51 79 509 467 970 195 149 408 31 916 111 355 471 222 59 163 246 453 201 628 335 738 915 788 824 190 735 92 533 806 384 650 8 324 40 874 482 518 100 117 441 359 540 842 
757 692 325 408 920 954 109 942 362 634 138 505 710 30 552 21 237 13 813 799 421 578 835 767 877 651 969 259 600 285 422 206 259 517 659 767 997 265 476 566 594 725 699 225 932 514 512 933 134 73 153 600 334 301 114 59 983 494 778 509 416 793 626 219 405 244 146 851 336 392 777 120 75 104 512 992 980 86 684 792 149 741 983 689 759 81 666 932 812 
194 513 753 614 943 699 397 926 454 740 402 324 186 800 24 456 270 799 81 156 430 880 634 254 830 931 6 157 721 574 477 175 171 331 449 524 562 93 801 179 343 350 350 711 875 270 618 558 820 754 89 398 327 766 272 452 63 88 418 939 851 371 746 485 742 52 602 848 792 965 578 480 250 420 756 413 799 735 651 577 350 262 588 648 875 636 189 380 789 
284 371 764 466 12 79 873 239 240 968 877 724 558 948 784 124 210 383 688 386 854 607 156 638 919 694 821 119 38 366 122 243 945 435 974 810 686 945 440 473 931 567 39 370 461 451 736 984 820 925 534 984 895 344 572 347 393 922 537 816 583 405 697 134 564 182 348 839 276 779 118 529 777 970 794 134 797 412 819 731 149 88 17 61 558 636 188 103 799 
422 649 656 563 312 822 962 601 18 947 613 66 26 70 786 766 950 723 908 939 890 7 136 715 869 791 189 488 958 562 694 471 548 519 453 983 90 116 602 324 274 445 920 397 304 413 497 542 15 684 24 914 793 918 124 456 280 235 636 169 994 408 949 276 297 105 553 622 400 865 442 977 209 144 644 672 19 599 481 484 785 747 774 166 310 996 570 234 484 
313 390 748 229 146 536 793 656 546 386 589 869 406 783 180 796 766 254 911 430 992 615 22 719 75 490 180 76 862 111 779 575 597 791 413 305 437 578 636 295 502 770 70 461 730 677 769 830 341 328 543 478 811 958 238 687 232 304 695 903 664 414 576 643 876 540 640 125 589 303 623 928 593 879 168 724 751 31 348 701 112 671 963 534 636 267 305 419 614 
596 140 780 382 980 365 125 169 479 826 114 182 269 455 968 991 387 741 463 146 969 856 427 291 943 816 370 913 977 620 328 314 178 653 597 595 108 647 921 975 997 719 238 747 93 648 555 172 500 761 105 462 345 331 597 787 804 801 534 308 261 409 41 390 334 273 504 852 467 679 378 284 738 66 604 257 533 447 220 61 349 440 662 137 96 87 983 770 3 
259 999 849 571 453 764 872 724 226 465 36 53 836 221 867 803 767 200 539 769 165 177 981 321 31 994 900 637 41 53 926 86 705 920 198 662 516 595 699 904 164 258 264 749 873 582 225 498 299 654 631 268 457 348 760 118 178 594 926 265 862 570 834 354 71 669 173 626 833 379 155 711 971 41 500 703 538 737 224 636 473 67 814 275 654 970 234 327 995 
729 121 963 608 571 90 492 250 626 882 124 482 216 188 907 748 233 459 992 522 722 389 270 45 386 359 817 792 638 311 544 169 939 810 508 36 244 450 30 5 780 643 440 746 93 682 641 835 375 458 172 159 580 885 618 196 800 772 451 490 814 379 140 957 949 620 795 910 129 822 902 821 422 850 793 252 536 449 334 955 958 213 526 571 140 499 422 393 855 
810 5 794 940 219 393 165 282 940 410 330 926 227 118 821 668 867 11 574 779 286 556 288 874 640 907 51 790 155 740 761 469 412 874 698 909 73 906 949 998 750 189 435 270 11 132 401 779 179 220 186 203 692 992 478 543 886 214 652 414 353 698 959 606 631 22 640 789 763 691 63 317 965 25 111 710 868 194 694 822 430 125 949 291 655 559 514 9 139 
819 352 975 322 82 216 676 543 606 782 711 12 192 898 236 694 178 769 818 625 766 447 673 488 437 947 665 155 731 544 309 205 688 796 95 448 722 983 541 95 285 745 801 816 373 463 270 285 491 36 982 78 962 497 304 764 173 33 415 380 498 619 806 486 734 140 440 721 532 336 764 645 697 357 781 28 46 300 727 357 408 325 149 951 660 671 224 839 996 
9 978 606 870 559 265 274 716 932 351 559 582 760 413 186 851 678 568 626 855 861 332 683 358 489 844 192 567 269 444 581 299 239 14 142 261 153 720 743 396 751 871 248 179 210 525 53 865 456 485 152 20 397 320 163 825 482 431 102 598 624 840 865 217 417 711 991 65 348 201 887 554 123 294 648 622 914 815 824 447 798 578 697 217 920 15 944 788 805 
762 556 55 547 673 144 920 994 856 524 280 740 544 286 91 58 478 433 93 621 295 351 880 686 81 481 866 131 157 823 316 670 665 485 677 11 514 205 756 773 574 283 861 630 351 410 378 890 92 96 387 63 490 832 657 347 47 452 483 953 951 308 652 649 815 679 868 787 799 61 874 280 941 320 411 21 812 733 132 365 796 178 548 162 962 973 309 360 536 
118 217 150 344 258 976 626 97 430 432 207 548 692 678 469 857 77 24 134 602 459 221 273 473 906 996 92 93 226 185 498 552 699 94 551 716 374 550 596 163 796 716 220 430 734 771 274 93 927 503 212 941 298 656 512 168 67 495 737 55 877 128 126 138 568 863 535 167 188 936 477 553 126 750 933 680 22 493 193 470 667 980 844 738 836 633 271 310 755 
320 820 794 64 159 390 683 304 656 651 974 623 850 688 182 433 9 567 198 377 777 367 873 132 858 576 700 493 573 834 564 822 381 793 924 623 593 271 439 742 670 734 348 932 793 464 504 488 473 653 981 762 763 992 671 942 967 695 719 554 688 493 1 614 369 37 504 904 275 589 618 880 835 749 14 143 416 298 401 607 554 364 119 590 326 920 935 29 278 
50 224 367 253 499 287 481 216 115 547 469 432 588 391 938 509 3 438 827 860 683 630 266 424 127 155 849 959 955 227 461 595 240 506 256 113 66 124 441 46 640 543 538 925 648 892 54 390 268 66 733 528 405 698 461 751 738 754 206 433 573 769 515 642 946 73 672 943 53 26 92 967 767 938 668 134 36 875 17 515 925 133 496 537 853 475 28 947 578 
858 826 593 449 259 169 527 222 513 820 932 111 806 861 768 260 160 519 758 454 89 216 481 713 316 753 195 983 939 284 528 618 278 33 338 709 285 205 830 695 551 871 627 110 219 960 691 468 539 751 257 248 841 510 442 324 962 92 969 831 71 104 411 126 282 759 497 923 285 538 619 362 502 599 961 124 790 689 933 810 961 415 92 256 145 255 236 619 803 
701 376 800 531 380 950 387 818 879 185 297 29 692 130 786 458 949 977 486 452 917 106 715 989 588 715 16 779 967 89 962 715 799 299 440 770 380 158 132 539 997 887 729 186 215 615 516 263 152 384 328 230 487 774 938 316 921 953 77 564 602 935 67 903 583 990 290 585 260 143 566 704 471 894 584 240 231 38 683 826 538 626 718 235 338 605 219 392 604 
203 156 32 885 833 621 314 840 854 273 452 536 597 692 829 215 115 986 187 289 867 227 38 360 17 236 390 260 652 859 551 535 604 735 250 82 938 513 648 23 559 219 711 581 565 939 327 9 74 355 942 287 434 417 791 789 700 958 874 296 949 262 677 966 489 987 679 943 528 629 5 160 820 50 774 853 681 622 593 459 798 935 230 111 912 64 378 982 709 
768 556 139 77 526 236 838 53 724 140 375 214 828 846 463 330 979 884 566 806 465 919 799 547 858 127 636 207 909 914 439 216 430 184 695 153 9 218 859 541 613 738 694 272 67 110 663 652 426 199 27 1 721 206 601 558 440 437 386 956 699 627 540 539 339 217 305 835 987 258 704 524 244 208 152 329 605 761 325 855 547 825 176 500 177 776 735 259 180 
57 70 38
84 44 4
42 26 50
34 86 6
48 72 34
6 86 6
21 11 20
28 2 2
46 43 80
16 79 20
19 68 36
40 11 20
51 87 4
28 54 54
16 52 30
8 15 14
62 60 48
76 9 16
6 78 10
19 55 36
83 12 6
14 64 26
26 82 14
24 73 32
61 29 50
78 65 16
33 57 64
37 85 8
15 30 28
83 75 6
46 32 62
12 8 14
32 68 42
27 59 52
11 77 20
15 88 2
16 4 6
36 35 68
69 39 34
34 4 6
75 89 0
2 24 2
82 17 8
54 20 38
86 15 0
48 76 26
83 18 6
33 66 46
