25 95 11
105 676 410 380 953 178 73 619 329 681 173 573 264 379 225 577 480 863 828 536 658 694 870 668 862 30 886 908 260 686 678 389 546 880 5 51 106 172 303 349 358 497 882 638 483 742 935 719 296 295 202 537 881 227 432 41 172 314 61 613 415 588 911 370 476 845 11 152 107 564 474 373 338 875 175 430 387 729 328 397 274 770 966 771 121 88 42 270 235 747 54 934 553 779 198 
450 532 23 529 160 896 430 56 17 528 659 497 146 116 78 680 479 52 220 899 794 984 400 401 241 166 867 158 494 518 72 269 351 909 114 915 70 732 62 315 356 277 293 324 846 258 690 667 953 618 98 646 329 960 73 255 181 401 536 689 159 394 668 42 919 732 747 812 855 821 568 201 705 532 502 195 877 825 704 838 15 886 871 27 725 22 701 49 69 297 286 930 149 793 742 
783 749 524 357 25 94 502 943 925 590 866 49 555 987 373 862 364 573 647 871 973 681 342 432 540 399 561 999 446 557 791 496 250 260 89 756 854 720 370 832 188 270 298 274 0 598 977 134 473 287 414 262 137 705 92 504 91 798 454 297 360 530 279 415 470 218 736 901 142 289 559 647 48 804 152 245 853 351 3 861 105 265 305 601 363 307 780 679 626 62 819 191 877 705 23 
983 775 578 725 811 214 900 239 24 607 918 193 615 279 940 837 639 952 871 228 627 718 856 722 658 685 643 476 262 65 766 353 68 258 671 538 282 634 813 695 399 811 751 200 331 834 857 605 415 314 318 386 648 911 599 530 685 488 840 446 992 360 900 346 722 233 703 845 750 909 249 676 511 18 579 234 885 961 9 309 747 100 776 807 340 266 217 199 996 680 211 588 219 965 439 
991 404 426 301 282 540 908 236 88 381 607 438 225 642 1 321 842 557 233 922 776 12 210 605 327 947 336 87 779 202 989 468 890 327 272 141 516 431 978 345 552 565 239 292 964 645 422 253 832 354 557 704 104 115 196 541 996 629 283 680 390 162 699 599 368 111 366 34 487 203 317 180 536 179 348 457 813 746 99 488 707 950 204 895 435 982 427 813 316 983 983 522 10 30 220 
11 645 263 907 922 632 332 855 699 643 554 692 697 952 917 469 302 543 396 994 401 798 103 909 474 921 989 311 897 818 906 364 973 709 733 328 552 42 647 44 519 839 71 57 448 281 347 840 508 128 962 875 828 413 636 60 959 368 946 608 793 906 306 294 128 427 819 714 784 977 559 697 646 175 454 633 250 381 847 759 261 458 434 60 442 354 208 4 345 717 596 628 142 199 299 
104 633 653 862 814 862 594 17 186 956 158 707 7 11 24 862 247 854 912 352 127 689 700 80 74 396 724 677 409 988 20 968 163 355 750 698 935 790 969 679 643 796 514 514 751 591 373 730 603 75 48 90 418 403 284 775 578 467 745 922 737 56 149 101 670 443 577 482 448 436 576 407 223 875 101 574 893 938 48 849 449 439 772 283 336 38 424 713 248 370 192 191 834 428 47 
278 979 196 603 932 247 684 830 548 667 685 652 644 198 528 510 198 211 399 545 222 109 476 899 314 79 334 404 335 287 221 453 184 950 955 305 338 792 666 364 555 866 268 131 384 332 246 786 5 789 830 204 768 477 211 122 991 484 923 315 967 308 591 452 838 493 995 157 296 293 98 328 622 897 695 22 150 141 694 576 779 668 680 511 884 525 109 696 371 258 516 584 196 134 622 
375 533 946 681 324 156 492 528 885 547 652 648 369 833 212 933 461 827 556 659 983 624 919 656 866 874 214 286 342 911 391 847 355 95 778 793 66 289 975 969 960 14 767 891 800 407 677 535 964 553 9 968 496 918 241 559 819 536 852 380 370 863 725 348 475 210 416 54 899 730 572 455 196 41 373 445 415 162 180 601 834 778 214 309 166 339 942 997 303 410 8 659 273 758 331 
146 275 361 97 316 995 476 566 919 566 218 443 874 250 62 318 909 234 537 424 758 844 443 466 240 379 619 173 398 917 970 45 574 688 889 792 576 53 75 409 525 25 444 844 509 492 977 357 977 336 18 10 799 464 490 521 843 962 711 383 730 411 213 47 226 197 557 155 774 343 298 721 262 393 404 749 322 795 429 911 247 937 865 689 922 533 915 400 162 153 595 612 50 623 363 
413 444 671 697 948 425 44 982 435 220 411 661 402 327 337 343 295 948 528 211 33 694 774 900 561 617 819 306 950 627 716 882 451 182 601 753 87 206 759 188 465 852 482 963 886 733 707 379 361 213 170 299 669 549 385 207 154 804 260 360 242 417 584 444 606 526 703 217 578 200 741 709 401 83 483 42 958 642 518 189 681 381 634 373 179 59 968 416 502 6 73 345 395 23 646 
590 313 550 886 742 239 859 931 896 438 451 961 214 118 138 780 449 427 511 461 342 212 581 144 429 289 21 93 338 902 385 249 636 184 516 505 811 850 165 763 296 556 298 216 716 209 504 850 514 956 673 710 392 255 311 597 8 487 212 893 374 95 444 383 842 863 946 877 349 680 719 922 496 239 626 197 247 260 313 948 557 271 253 441 457 126 484 571 543 908 751 820 521 89 884 
338 251 786 630 725 199 317 528 84 77 676 177 740 660 627 816 189 918 303 585 595 925 365 280 622 11 37 218 14 176 985 964 40 493 261 27 589 229 757 706 197 531 613 825 975 93 657 26 547 992 18 0 727 718 954 464 578 3 724 441 136 254 699 264 323 82 637 668 170 491 979 393 345 645 176 968 324 200 843 747 25 337 739 85 721 922 727 544 883 994 391 865 366 255 642 
334 824 503 549 951 391 357 484 674 19 81 968 752 119 985 141 422 650 307 191 598 598 605 721 555 556 787 273 932 706 983 499 247 579 143 608 991 825 8 19 272 641 721 561 407 51 266 298 863 92 451 872 350 538 705 99 718 947 643 470 351 82 211 978 201 768 839 876 224 355 951 566 88 765 202 327 80 196 465 423 387 849 69 92 457 463 68 586 68 690 382 154 950 218 334 
994 592 986 740 605 349 905 543 806 918 245 991 710 54 31 9 24 717 494 540 573 27 787 425 962 258 463 639 578 781 365 100 496 367 959 184 933 628 296 482 322 957 443 814 83 127 615 63 344 762 768 990 705 447 362 804 766 795 348 524 776 633 815 329 128 163 258 383 801 96 755 182 100 953 980 161 856 486 304 933 708 102 145 365 563 763 703 906 123 228 534 479 186 140 669 
874 461 119 446 175 110 837 135 775 529 623 476 205 363 919 503 337 624 996 726 502 320 354 902 958 660 288 33 13 11 491 274 290 324 72 361 682 503 895 671 215 468 827 471 558 47 582 831 398 839 161 2 604 202 56 572 876 71 628 841 522 279 659 626 30 32 130 757 941 640 930 280 788 874 768 697 208 720 630 981 617 398 360 19 5 894 769 940 104 598 996 898 681 874 998 
554 880 255 976 319 436 557 290 325 425 79 379 878 470 595 5 156 461 816 118 396 155 249 489 755 391 813 634 248 879 200 25 581 166 314 854 220 355 346 179 402 946 215 543 418 469 914 710 865 222 795 542 465 675 510 196 396 780 490 253 463 328 710 137 560 123 760 985 278 997 387 649 764 764 589 209 785 521 363 669 687 256 161 620 789 449 185 166 611 595 998 511 394 752 527 
576 518 756 851 605 250 255 901 632 942 802 261 636 134 102 480 374 466 136 886 686 446 480 206 772 701 401 752 596 7 867 878 164 812 388 200 493 251 949 939 908 660 880 109 421 55 776 799 981 183 777 743 238 222 278 793 72 861 265 578 562 776 732 33 567 773 935 907 125 255 827 105 186 819 371 663 527 126 890 339 734 713 943 792 400 690 869 607 7 792 151 433 338 171 785 
875 631 381 873 439 258 833 532 123 692 839 261 920 575 544 49 880 837 100 614 285 977 902 530 658 29 225 687 457 626 514 316 449 654 601 391 192 192 156 182 317 583 2 141 867 544 450 1 483 415 533 731 217 84 494 256 48 982 141 246 605 702 410 761 549 970 36 364 668 410 118 203 643 935 938 292 557 495 430 838 838 750 16 617 1 958 470 245 220 887 662 383 626 857 311 
438 653 934 899 332 565 661 297 80 154 17 507 120 26 480 137 75 519 727 503 204 320 707 210 947 154 450 755 182 723 760 885 605 283 45 353 947 736 652 179 232 676 15 232 515 461 46 503 45 521 310 737 809 571 110 526 471 446 596 189 328 749 982 400 107 789 949 706 958 280 540 198 929 855 6 381 20 979 469 531 760 128 295 591 3 22 603 813 685 605 666 202 824 196 560 
684 100 854 209 443 888 626 792 871 389 54 659 999 220 536 226 563 144 888 31 607 574 20 15 605 553 417 686 238 922 660 369 860 60 347 557 399 437 514 973 50 977 805 712 825 889 447 249 18 328 373 0 445 750 162 838 457 102 240 317 380 290 808 534 774 766 326 29 427 874 316 478 723 825 233 251 928 878 213 717 947 430 364 207 739 400 860 435 588 457 117 404 56 501 821 
2 908 976 500 460 610 314 499 376 830 600 668 454 815 415 725 395 12 684 799 649 608 847 926 67 507 854 244 69 655 54 870 42 276 124 434 224 96 121 187 847 31 411 300 567 962 201 893 390 447 951 692 120 197 127 443 625 850 481 193 14 484 833 352 426 984 254 315 140 706 11 810 893 81 151 139 736 582 679 703 459 625 747 158 577 520 285 471 833 38 485 72 834 867 114 
175 717 125 36 67 460 507 277 250 433 866 213 655 495 230 461 887 141 902 939 113 665 53 980 224 681 849 568 982 172 529 46 318 599 103 408 614 28 888 306 680 821 444 532 851 702 175 335 842 89 243 452 977 850 727 376 536 202 927 92 222 378 649 864 858 69 818 151 8 216 172 870 839 350 293 111 11 651 660 666 684 874 706 266 507 842 690 989 347 795 742 77 387 694 24 
413 279 259 290 661 598 852 379 118 516 183 967 929 652 281 57 193 673 285 247 849 225 147 346 632 591 230 881 657 275 14 545 735 288 772 955 366 3 700 474 981 307 668 255 871 136 387 435 704 12 805 568 701 689 915 93 92 734 959 100 875 321 405 377 988 346 5 641 870 594 636 756 343 983 626 809 741 741 463 845 572 778 343 16 273 294 973 52 77 620 771 410 246 794 255 
155 295 753 33 808 88 25 192 334 808 789 125 617 766 734 64 492 104 870 270 794 242 324 908 269 136 135 509 513 143 224 839 291 573 913 780 931 945 259 981 315 933 345 176 731 544 15 922 27 408 630 583 340 324 191 774 11 600 401 426 675 513 297 859 134 425 173 52 392 229 765 541 504 929 182 624 523 117 660 584 446 888 292 558 872 91 451 702 715 97 102 246 309 426 623 
1 24 0
11 39 20
18 31 14
21 59 8
20 32 10
1 58 0
1 37 0
1 42 0
25 68 0
5 30 8
8 19 14
