63 94 32
800 383 100 284 235 724 920 260 515 123 554 925 859 997 476 569 999 926 29 117 372 26 979 605 211 922 83 891 34 215 871 407 718 911 461 504 698 676 775 449 733 890 684 710 450 833 667 886 65 664 832 394 102 299 132 867 27 139 525 962 839 364 175 793 874 844 789 223 772 86 873 953 473 622 291 924 986 304 585 158 684 641 380 396 189 863 58 542 800 940 709 31 559 254 
848 529 240 274 561 805 413 582 104 136 676 702 818 961 767 429 914 750 521 942 277 975 295 187 728 610 798 122 417 805 934 336 782 291 786 181 517 893 11 239 25 338 177 19 790 169 797 846 658 771 62 161 88 925 886 707 690 491 480 664 970 545 864 392 669 219 446 890 821 44 225 567 665 363 597 283 387 705 224 805 86 951 974 360 329 429 543 779 549 205 730 203 815 262 
137 704 26 356 352 436 644 541 922 824 83 879 435 97 484 844 988 575 944 63 742 542 204 921 750 358 419 228 985 709 650 121 36 605 175 260 419 152 799 669 164 462 763 538 439 473 38 503 612 808 14 808 73 728 724 293 407 121 57 980 416 460 104 549 599 546 946 510 635 976 385 759 521 439 405 176 310 360 453 342 558 604 819 884 460 145 150 118 886 368 540 545 251 875 
724 719 340 893 142 206 453 154 24 344 207 221 829 213 491 768 700 76 364 430 843 833 274 125 477 720 159 775 615 912 559 279 395 330 97 312 671 849 884 673 677 195 184 37 704 653 651 160 848 190 60 611 90 58 311 64 879 102 877 817 494 723 760 827 833 763 576 112 337 425 53 610 487 709 625 875 32 173 433 17 508 687 600 207 964 618 112 439 21 781 302 452 725 679 
952 539 41 829 78 177 104 307 803 511 304 826 926 3 283 103 473 553 989 595 221 814 325 911 600 885 638 120 348 114 97 800 733 611 312 5 519 735 25 171 650 38 941 404 195 665 572 728 112 731 367 328 103 108 978 115 627 334 196 572 541 624 380 803 11 480 538 799 327 133 471 77 551 995 769 82 652 832 23 492 425 123 318 679 610 956 686 828 950 806 540 180 211 761 
756 818 421 517 546 6 402 745 901 109 69 448 922 118 669 117 352 96 121 549 701 279 898 571 805 757 405 722 209 525 123 43 20 338 631 422 565 454 428 229 417 991 249 875 305 652 201 628 924 94 587 142 73 545 323 45 19 714 275 813 208 634 289 224 528 208 710 655 767 820 417 277 71 504 182 111 573 81 566 168 621 571 803 81 189 876 696 110 764 910 636 147 509 744 
449 709 812 78 733 509 67 212 548 719 737 874 96 793 384 193 718 903 489 356 462 923 254 450 991 873 924 255 412 217 467 562 207 518 508 618 233 811 582 897 539 45 156 970 788 956 495 887 767 603 59 267 655 894 288 727 947 467 512 8 520 378 808 845 423 622 28 478 757 197 764 856 248 652 645 285 405 420 733 840 987 713 983 966 307 968 591 288 535 928 618 973 980 410 
869 420 317 251 9 128 565 736 8 292 393 504 807 141 96 629 743 215 775 52 241 463 693 477 550 824 864 508 0 754 211 373 185 116 181 335 854 330 382 527 703 98 624 325 678 456 896 979 673 153 159 522 581 548 186 631 673 940 346 683 229 307 73 936 262 305 930 743 239 194 691 470 116 445 306 990 222 184 889 11 390 825 839 261 608 984 845 404 614 880 250 904 941 908 
443 54 992 830 842 62 288 514 385 489 301 218 939 449 851 859 200 920 771 804 379 810 269 438 938 495 583 231 570 440 485 489 644 715 677 719 367 946 837 40 547 629 187 924 351 120 945 107 664 103 572 405 743 613 991 316 494 476 1 149 342 31 831 318 248 684 319 873 542 525 74 143 349 717 829 152 706 543 917 966 334 202 892 641 631 874 404 373 652 616 423 207 756 393 
425 751 140 180 834 776 604 628 84 482 492 437 941 561 520 508 105 342 789 359 56 91 399 868 871 700 584 766 630 465 167 241 646 696 707 223 532 351 715 123 542 247 587 730 760 604 437 705 515 993 673 850 380 552 130 552 501 327 159 914 362 518 323 349 25 77 890 489 855 731 608 117 723 793 791 839 514 132 588 884 790 521 703 813 467 140 758 218 24 241 341 169 142 67 
619 639 97 306 244 831 511 927 407 8 185 44 83 96 190 310 491 695 494 132 658 6 690 114 165 150 206 734 628 405 583 163 381 204 679 643 29 788 586 952 699 422 532 643 907 761 105 374 524 334 112 53 607 472 141 270 692 792 953 465 363 276 833 219 819 415 336 325 258 340 666 601 218 788 502 980 532 615 62 327 412 175 590 176 297 776 583 165 791 747 367 848 291 10 
559 806 18 902 401 930 710 483 139 391 175 150 668 202 346 997 186 21 880 300 646 904 541 672 357 219 618 292 307 502 354 217 558 865 839 915 796 55 374 398 98 341 909 311 43 401 111 135 713 822 954 570 979 867 174 694 690 987 665 887 82 735 859 607 530 943 604 731 23 393 389 144 691 24 786 284 830 549 697 402 678 115 855 941 193 356 840 357 428 201 904 328 542 279 
43 295 494 661 822 681 477 706 120 358 42 515 808 657 609 306 44 25 215 834 123 129 964 407 0 42 941 515 859 66 932 218 669 78 247 743 353 459 634 455 82 250 250 147 780 802 960 4 435 488 629 455 682 9 224 368 393 792 513 586 78 762 569 116 254 246 105 624 888 459 795 485 647 834 848 812 890 691 703 135 250 515 151 837 199 714 169 219 391 547 429 116 756 948 
976 985 737 69 279 388 937 454 2 950 364 449 928 937 22 567 42 903 190 151 159 137 216 632 820 804 623 479 69 997 947 684 725 749 482 815 190 872 487 656 453 608 476 588 597 846 716 931 734 464 330 535 434 726 496 287 52 391 837 169 189 448 565 30 44 660 966 382 577 392 341 941 375 989 395 654 884 32 96 955 934 510 130 551 75 833 330 122 349 976 923 644 544 50 
392 285 409 803 496 184 29 103 305 224 524 107 94 851 24 795 686 579 942 262 387 43 903 317 603 519 859 619 407 684 531 759 222 622 905 844 677 744 662 817 53 54 488 524 561 415 718 514 306 151 218 674 249 496 586 95 88 528 226 284 461 621 409 281 956 485 934 284 144 675 792 915 966 3 327 366 231 975 842 642 799 858 886 999 598 929 727 643 331 210 22 303 552 532 
175 863 430 102 742 951 750 427 14 361 168 163 190 43 964 142 592 902 955 833 678 153 672 258 795 571 73 616 68 992 380 572 273 763 760 748 468 937 425 294 613 54 7 258 799 513 924 696 139 578 384 568 847 845 747 872 362 678 366 264 590 539 926 929 939 569 502 660 196 431 328 552 672 455 335 803 328 67 484 649 552 476 764 242 627 157 834 430 535 78 870 604 274 452 
841 696 384 502 732 290 818 451 124 19 237 319 748 771 196 77 680 550 338 725 385 309 728 598 377 416 535 575 797 689 147 280 10 356 981 182 757 730 315 75 971 117 213 875 274 174 791 554 154 554 14 44 140 155 849 845 845 267 686 934 678 667 61 537 100 65 973 644 879 256 313 801 57 873 455 166 853 688 525 496 305 961 368 411 561 153 338 652 857 9 735 455 247 397 
717 444 875 675 613 156 892 911 714 818 1 244 229 261 432 196 218 986 94 704 971 30 956 659 695 280 490 368 591 973 323 437 813 446 260 15 937 876 346 452 241 875 175 272 628 204 857 135 595 956 239 594 740 66 9 636 525 806 243 844 906 461 221 29 859 73 810 800 668 77 667 923 410 174 472 619 311 309 202 941 627 890 304 339 407 122 643 418 966 168 536 791 147 994 
226 690 697 426 586 858 595 213 324 760 17 937 991 280 299 671 72 58 101 832 923 503 896 979 128 719 872 404 278 831 927 433 767 631 101 390 727 394 594 728 337 711 154 446 936 620 524 356 640 754 295 745 831 51 866 537 259 568 886 741 200 663 689 301 414 482 82 535 485 99 660 993 174 691 394 539 264 890 597 0 884 792 261 235 653 314 865 663 319 544 308 918 379 860 
79 491 940 901 157 651 257 657 646 653 111 457 388 451 355 230 452 856 801 153 105 745 35 64 339 841 993 693 638 445 170 712 667 926 549 437 88 588 182 560 708 663 160 213 451 697 139 692 618 232 475 129 128 992 717 954 90 484 830 929 441 20 161 297 937 827 701 686 585 272 225 205 50 756 573 626 157 555 326 41 198 443 749 948 7 466 582 835 530 692 768 121 927 769 
61 115 998 693 167 523 122 913 933 891 731 712 801 542 445 388 360 336 354 990 301 181 241 764 74 895 145 212 220 889 230 935 601 128 422 57 145 162 73 853 31 974 771 221 850 99 784 167 68 941 666 764 310 146 538 802 582 338 457 129 566 557 449 866 914 142 461 674 134 221 553 607 281 459 727 634 26 142 456 842 286 20 252 74 939 805 870 744 781 529 142 118 90 64 
796 981 683 168 870 949 225 513 686 834 594 37 451 753 623 739 715 952 931 642 626 587 602 946 409 170 707 551 478 896 796 255 811 30 712 187 390 614 104 10 181 516 635 976 83 926 459 989 115 277 286 834 912 315 493 343 191 660 381 120 986 642 663 366 674 864 734 193 608 656 269 115 968 992 858 216 114 670 59 354 662 549 556 896 220 352 266 590 605 619 510 264 481 857 
617 185 534 911 113 288 889 727 213 417 973 674 459 34 93 341 987 452 487 252 520 721 232 348 859 581 958 49 155 652 893 136 101 467 393 575 251 515 741 449 412 152 14 917 265 489 160 158 999 88 931 910 102 848 152 747 173 358 334 795 359 743 795 788 662 969 201 516 842 575 192 839 142 36 769 455 264 441 702 646 875 265 916 279 507 641 570 522 308 901 897 622 95 478 
823 536 145 791 609 970 466 695 957 535 295 329 49 395 133 126 604 0 771 205 727 139 42 17 80 844 884 296 411 644 286 11 436 377 539 985 877 893 198 23 856 653 907 746 843 189 683 581 614 57 971 702 729 766 792 66 70 966 632 825 504 770 328 468 471 691 22 771 505 793 586 587 191 324 22 308 377 57 551 457 655 652 790 657 373 412 456 234 617 796 422 805 37 789 
746 332 843 25 487 720 194 258 267 16 604 529 988 147 777 83 691 687 852 821 122 74 967 633 982 557 597 273 201 696 620 111 807 840 934 559 554 605 50 428 540 529 556 359 88 843 725 471 638 945 608 394 17 396 731 993 999 453 206 793 964 486 595 110 643 379 474 538 947 398 127 555 361 338 634 819 184 16 795 417 394 613 992 181 673 909 853 192 294 600 639 377 221 578 
101 164 315 945 171 254 829 399 628 395 687 967 179 112 54 445 782 141 259 830 768 690 212 63 538 514 432 745 645 645 790 785 662 7 563 774 486 646 94 812 21 817 954 501 691 115 679 911 523 239 125 345 956 422 55 743 52 939 656 493 67 480 380 879 162 722 37 511 439 582 961 448 766 927 852 415 253 40 352 394 660 251 109 272 111 52 30 528 473 984 58 454 431 855 
739 840 334 40 263 903 922 868 233 824 244 434 932 914 798 170 131 106 190 733 415 538 358 665 349 768 372 907 779 410 459 341 232 776 636 647 981 202 690 745 108 496 593 46 451 552 162 253 189 474 254 305 661 520 324 281 48 649 553 537 78 556 171 79 692 242 2 426 498 220 267 259 452 380 867 48 527 791 908 614 90 367 815 500 262 495 830 855 459 504 84 575 904 225 
788 784 302 955 675 772 370 146 123 814 470 903 389 562 643 58 889 456 717 565 885 992 963 228 352 207 33 41 674 159 148 988 746 621 905 591 507 795 330 831 404 998 950 70 315 50 284 686 757 705 972 64 284 282 626 354 549 902 552 159 453 806 878 937 872 57 769 810 646 226 5 967 59 605 840 373 569 26 45 598 27 330 578 796 184 942 871 862 259 704 498 416 587 73 
963 588 436 825 961 607 497 629 720 87 51 466 464 432 515 239 459 334 40 513 714 68 358 185 124 123 675 856 301 590 47 530 79 722 887 624 223 763 310 207 366 26 369 575 714 243 413 550 353 66 120 994 890 717 856 181 968 725 652 658 91 662 269 231 348 846 128 691 581 98 347 726 19 580 481 792 418 985 964 561 571 654 390 552 804 739 580 520 692 688 704 684 793 428 
273 906 72 188 985 941 929 992 779 973 852 89 174 626 315 791 171 534 526 399 679 32 805 930 93 300 862 592 963 399 675 819 959 881 199 369 455 35 749 249 50 872 436 918 549 280 875 593 462 176 221 424 431 141 521 357 511 902 218 738 843 506 413 568 868 774 660 599 341 73 878 872 332 603 824 750 746 71 941 355 17 418 645 406 113 260 493 81 510 435 450 921 754 198 
195 336 171 935 563 860 176 98 696 706 901 130 3 597 176 419 812 496 704 74 281 100 578 152 738 522 999 573 621 538 133 146 521 772 71 647 361 604 244 699 647 819 794 161 850 160 84 23 157 405 575 530 861 46 917 38 863 316 36 674 980 600 167 280 43 755 494 601 705 953 956 711 911 751 677 628 215 898 258 24 4 86 27 680 718 720 567 201 743 819 699 909 957 134 
237 356 452 679 771 443 983 337 613 202 91 265 876 471 921 623 237 177 269 543 758 663 79 30 372 214 918 450 727 153 436 443 3 387 874 614 379 336 600 768 51 137 889 262 90 495 825 283 266 534 364 708 694 531 669 149 784 273 455 686 820 436 788 200 204 432 431 290 616 844 936 624 321 504 84 786 27 918 693 267 165 621 989 400 166 447 195 336 318 149 112 947 366 177 
777 251 461 968 321 895 928 594 289 679 20 122 967 657 379 945 657 418 337 927 4 424 354 217 198 804 259 790 75 613 113 3 992 359 729 263 986 283 981 552 914 200 832 972 919 87 303 748 416 404 475 203 133 160 991 52 784 627 970 297 766 511 978 64 204 297 926 976 575 400 37 17 84 479 592 145 953 327 761 155 926 797 103 298 803 532 855 372 376 883 936 250 939 127 
499 27 313 723 334 175 148 603 907 233 797 145 49 78 935 302 95 235 288 970 112 867 764 231 0 437 927 944 873 652 15 703 82 576 868 795 589 817 573 784 372 596 209 137 199 999 782 808 732 582 121 238 195 80 242 855 877 899 979 404 329 579 822 164 474 482 112 876 856 106 286 787 538 894 458 283 77 894 90 569 364 561 677 174 324 733 67 998 266 522 72 597 539 852 
692 593 791 935 314 979 115 389 515 991 138 91 127 483 664 570 327 397 99 545 905 628 958 263 497 80 219 134 41 662 716 947 381 292 725 682 973 587 810 623 480 370 585 887 481 86 300 813 113 503 5 160 897 54 118 17 665 611 564 619 978 683 519 451 45 503 945 895 662 984 32 795 760 822 18 22 950 335 564 891 819 732 759 780 879 999 423 440 503 585 665 789 720 497 
385 241 335 199 493 90 984 374 642 270 233 743 297 932 794 546 261 569 203 184 499 71 1 604 111 992 263 624 391 480 110 859 38 904 553 648 215 119 575 98 868 203 229 651 634 853 999 468 34 451 595 351 439 847 899 752 551 444 61 650 689 400 328 525 137 701 621 685 826 218 224 47 25 415 561 796 689 645 268 960 569 548 1 812 158 806 928 151 454 264 901 603 131 441 
403 972 423 603 417 883 882 127 974 881 830 149 474 655 547 217 386 858 772 712 935 684 876 802 308 845 326 322 187 641 249 392 83 283 164 575 215 439 819 322 110 36 886 770 50 888 42 571 527 270 359 461 522 571 302 829 932 63 212 27 10 830 895 407 242 14 507 341 252 290 410 855 66 181 358 161 958 467 844 272 399 833 607 900 335 437 566 189 195 904 579 745 40 167 
505 699 951 521 25 632 348 147 881 122 169 815 818 711 650 203 12 940 965 678 912 995 896 813 218 949 846 548 57 456 551 904 220 520 531 337 106 980 995 388 694 776 701 782 277 592 842 870 478 404 909 137 518 750 522 577 412 536 744 527 855 515 44 437 258 363 468 640 353 934 157 339 556 675 154 55 45 679 209 422 246 938 779 215 996 616 472 987 274 972 285 886 932 431 
244 209 25 214 309 317 131 930 182 194 519 224 108 541 579 64 549 928 161 51 876 907 951 470 552 368 823 412 258 980 706 87 457 177 188 918 227 457 356 179 186 189 19 211 288 516 950 616 913 839 265 228 820 121 418 275 501 51 351 923 842 757 110 872 416 641 247 56 409 746 191 453 380 314 868 809 490 320 696 427 320 968 340 991 342 261 898 204 3 186 311 151 802 974 
139 366 789 877 598 814 516 699 937 349 394 371 966 596 261 790 166 548 872 160 717 746 94 596 379 149 189 935 833 227 413 242 86 523 580 601 862 382 23 432 934 855 478 125 670 449 581 193 219 784 603 721 864 231 753 753 992 985 888 895 875 147 343 69 35 886 664 528 705 738 870 470 137 526 246 444 287 581 646 253 684 602 390 791 377 52 490 0 255 228 425 366 104 691 
213 27 221 113 47 303 45 968 646 8 471 671 108 396 877 962 709 495 829 271 837 176 724 523 669 485 457 259 682 375 484 343 810 801 121 248 419 690 445 506 242 50 668 661 541 825 180 790 374 42 417 946 732 814 822 594 463 133 829 65 904 912 123 571 579 234 643 72 626 781 77 726 527 352 603 85 53 582 736 739 244 962 949 800 263 310 65 732 84 739 437 668 55 667 
465 643 171 498 806 125 782 411 233 103 840 591 585 674 624 648 301 855 971 123 77 44 618 508 659 588 822 316 141 653 323 581 395 675 270 502 119 114 413 833 214 960 321 986 953 833 794 739 696 340 768 314 556 531 289 716 287 224 891 506 715 154 832 490 627 991 665 233 738 51 889 467 358 855 303 853 1 293 743 26 4 168 262 154 23 472 463 385 81 163 647 731 9 639 
498 741 367 363 927 583 490 774 367 149 935 887 125 909 778 555 499 883 797 53 761 455 954 624 418 440 582 360 389 402 812 863 740 803 418 899 301 812 164 132 547 403 804 652 776 909 819 623 137 328 359 545 974 726 208 591 292 597 160 653 657 36 287 679 452 192 632 419 14 197 68 923 929 672 177 65 955 873 982 116 631 374 806 367 488 882 350 888 739 852 565 61 512 620 
47 426 948 448 573 704 615 557 557 543 781 353 282 532 963 813 384 974 167 904 574 98 780 639 848 239 265 497 631 924 493 582 568 885 290 615 686 820 99 320 484 27 362 714 107 40 250 694 988 890 526 860 731 944 613 817 513 169 435 359 580 766 269 662 293 275 344 640 101 972 694 522 853 412 806 855 121 137 263 783 984 444 577 900 842 188 616 733 6 938 357 515 719 599 
315 145 971 593 51 112 416 540 213 400 915 534 307 387 590 299 883 996 581 503 826 781 246 386 319 742 635 365 803 985 972 234 747 233 973 866 839 27 402 825 115 45 955 203 215 788 768 770 764 985 82 623 502 507 523 710 249 632 627 350 9 844 336 389 258 29 313 691 944 485 687 445 660 470 569 714 540 892 378 442 782 811 769 585 521 490 149 915 879 351 939 338 475 970 
397 331 723 982 289 871 178 66 131 629 437 789 744 69 663 824 616 671 500 5 887 57 151 245 576 463 128 400 942 365 445 901 785 616 507 618 425 563 897 301 299 326 905 296 269 360 405 771 454 613 522 684 631 802 211 633 433 317 765 558 185 458 962 930 975 241 197 732 687 115 769 603 145 738 613 466 51 352 992 787 921 608 909 994 814 721 99 98 626 137 68 462 144 678 
32 125 787 360 277 192 796 594 501 696 395 799 612 856 119 969 397 434 51 436 720 853 712 729 978 44 625 911 744 330 103 692 465 817 537 834 472 939 23 588 963 967 835 655 363 469 661 878 976 573 802 621 623 721 232 711 331 210 345 683 686 784 857 401 778 620 61 395 9 175 418 526 797 862 247 336 541 773 25 555 716 175 169 439 95 832 451 590 219 594 862 553 353 867 
307 913 536 664 436 63 573 395 690 324 8 839 899 708 110 948 294 573 383 390 452 143 812 896 637 491 119 902 268 533 446 216 928 230 629 778 120 226 583 720 251 201 985 79 193 985 523 263 769 312 436 228 711 351 448 708 289 130 649 667 519 83 280 561 22 575 710 70 79 745 683 28 768 530 266 162 254 690 423 385 781 175 494 502 791 268 378 936 796 758 942 540 188 800 
27 901 542 710 319 447 28 606 982 962 542 146 384 379 239 114 183 342 359 951 818 904 238 50 547 361 34 467 250 191 814 262 604 701 415 143 996 362 971 182 907 558 272 990 279 80 527 943 886 490 987 139 333 646 554 942 185 986 526 566 81 382 496 962 254 494 723 39 256 379 16 277 279 4 467 25 435 643 881 716 88 2 693 776 369 875 574 450 519 775 85 795 447 822 
440 984 358 549 143 298 33 614 200 776 477 585 779 968 759 137 252 588 954 545 400 817 715 244 237 107 730 36 771 373 119 971 513 653 823 645 678 811 850 815 181 25 937 592 684 758 313 253 481 973 591 595 608 19 919 493 734 806 621 486 979 352 647 616 816 43 645 339 565 126 54 385 469 470 984 774 849 784 244 981 421 138 412 885 579 841 897 2 194 477 949 776 258 577 
954 43 135 55 813 90 424 232 267 921 163 945 158 157 383 849 867 907 549 799 508 130 491 976 557 839 654 590 157 478 788 4 827 630 188 518 322 62 818 861 219 99 763 888 765 651 825 950 252 92 923 80 347 654 573 772 967 295 159 747 601 645 292 92 935 862 154 626 945 955 360 856 235 443 961 669 763 780 20 683 705 444 61 761 134 477 148 816 946 215 648 810 70 936 
79 446 603 414 996 768 645 637 94 6 455 20 441 550 604 82 436 219 359 606 558 134 80 172 893 712 796 291 877 893 607 99 345 821 1 652 81 261 506 33 16 810 867 316 608 109 723 59 956 618 306 240 514 203 750 254 476 593 911 727 714 466 337 130 957 142 694 202 922 595 717 290 649 433 211 213 136 888 52 482 769 541 590 276 654 604 75 567 700 135 17 110 691 564 
71 194 968 236 470 293 180 544 841 965 741 110 803 788 343 154 748 843 895 112 991 159 60 701 515 796 626 589 748 950 708 750 733 702 141 116 357 817 900 998 19 485 850 38 527 524 376 638 902 819 993 886 665 764 258 810 523 912 658 911 853 473 402 550 920 674 266 89 574 746 524 795 750 925 746 69 450 267 871 346 455 981 108 747 392 361 794 951 982 159 143 146 280 683 
479 919 107 203 424 64 487 739 514 682 790 772 9 421 258 483 601 681 625 61 508 485 159 728 874 320 601 973 350 18 809 90 737 301 515 84 870 277 27 105 201 678 152 987 853 373 249 617 8 295 435 224 53 477 60 190 957 753 687 383 603 74 940 392 323 315 211 17 334 971 877 136 781 821 864 312 367 959 973 105 906 903 375 536 250 121 985 695 592 446 172 992 497 391 
141 26 273 623 816 974 997 502 667 908 547 242 664 686 414 79 200 70 705 583 537 747 655 69 764 159 157 723 429 908 221 420 704 132 888 828 556 728 711 987 87 160 13 800 630 194 636 306 703 909 699 274 5 317 201 444 319 265 474 61 814 143 603 158 960 322 138 670 814 898 655 430 558 474 177 645 734 910 246 812 134 163 339 356 112 344 868 931 455 306 689 158 929 662 
726 752 995 576 453 385 71 160 305 986 524 100 778 508 163 368 512 408 17 609 157 417 846 106 636 542 312 462 736 267 396 844 403 375 179 881 756 761 117 87 355 171 405 866 988 913 393 883 309 523 180 654 446 53 825 302 780 792 910 953 882 513 99 710 85 647 502 354 659 474 780 626 71 855 901 850 643 840 781 260 802 64 891 653 408 324 136 689 801 21 901 518 499 282 
289 798 226 915 254 215 22 304 23 269 610 615 584 118 123 357 274 526 523 979 265 753 537 410 372 830 287 178 465 291 704 443 762 162 964 143 792 667 961 983 282 28 583 577 82 892 960 171 516 821 707 114 956 327 164 699 787 697 225 114 822 642 787 393 707 13 375 192 784 860 928 35 514 228 467 737 735 774 743 688 776 429 679 998 591 859 421 835 465 518 732 34 71 16 
170 518 103 892 808 169 770 692 888 432 610 104 618 762 714 992 971 743 154 963 362 590 901 480 432 142 536 937 988 934 410 328 920 960 203 82 611 528 842 944 212 762 102 740 127 49 857 528 872 676 316 282 265 348 659 203 377 176 79 423 700 785 321 280 425 25 970 731 244 118 412 364 319 637 179 292 639 786 606 896 986 603 813 734 112 964 542 209 973 78 287 579 553 992 
794 10 817 847 136 963 654 345 99 371 799 486 173 309 710 791 430 301 933 377 318 963 723 267 744 532 414 218 558 114 942 958 271 315 140 157 330 655 982 685 933 722 568 527 174 338 960 199 182 611 557 520 813 686 821 532 398 48 722 649 736 358 104 391 461 431 382 598 171 906 303 357 980 381 340 21 829 927 640 556 96 54 127 669 581 202 627 84 276 507 268 31 96 685 
883 129 344 801 604 104 567 752 630 86 574 816 777 572 731 913 290 346 329 977 21 692 139 819 616 487 238 375 296 585 130 291 963 525 980 230 225 102 851 293 951 291 261 95 65 833 470 747 644 654 485 329 197 961 506 550 825 968 431 569 370 945 899 170 371 129 925 963 353 955 59 638 949 961 478 461 234 782 329 225 784 4 327 962 714 192 183 126 378 715 477 941 127 916 
182 0 40 977 335 793 920 181 754 686 286 251 638 248 199 888 817 496 554 159 133 600 224 198 581 103 502 773 163 518 249 15 903 376 173 57 437 167 82 23 532 249 611 766 951 730 948 660 265 114 463 467 986 223 931 909 216 61 11 218 308 690 382 260 651 255 431 803 285 600 555 733 533 956 331 565 21 671 405 20 606 733 539 501 897 282 568 202 485 5 82 453 901 547 
801 169 173 287 34 710 873 791 456 211 282 434 96 909 862 589 431 22 867 597 34 961 984 518 618 402 775 506 106 914 163 766 150 824 674 174 106 316 63 657 412 12 775 743 215 377 525 390 556 196 844 204 79 690 169 959 836 287 347 48 173 895 712 647 865 615 621 559 106 721 233 754 194 166 7 215 275 614 790 103 746 428 438 432 543 309 481 689 852 23 252 172 631 589 
369 209 310 104 522 239 206 74 964 677 144 724 342 119 145 912 468 388 708 168 924 396 670 437 932 871 61 292 726 1 590 803 818 169 138 401 46 505 532 875 988 800 1 530 432 210 77 474 893 601 470 878 947 141 903 815 343 7 363 4 806 683 532 282 847 435 711 716 869 321 974 607 925 629 882 188 458 516 298 648 651 825 100 809 814 533 919 438 803 259 435 609 696 974 
60 18 6
15 22 28
15 26 28
18 40 34
20 27 38
28 34 54
9 43 16
6 93 2
32 15 28
25 15 28
61 87 4
55 89 10
11 24 20
21 22 40
16 80 28
46 42 34
6 47 10
41 8 14
38 20 38
20 9 16
1 40 0
8 56 14
52 55 22
37 82 24
36 90 8
61 69 4
16 68 30
52 25 22
22 34 42
33 20 38
57 59 12
13 8 14
