25 66 98
548 605 761 422 167 392 592 614 493 94 250 941 407 700 647 42 737 728 335 305 209 303 45 748 507 376 22 924 472 521 179 786 614 556 297 766 224 613 50 3 261 723 677 581 134 880 200 168 129 15 517 134 899 393 403 588 186 292 547 547 497 569 659 150 108 344 
704 516 67 730 44 836 860 243 279 920 801 434 385 672 40 662 997 771 569 998 746 508 786 389 923 7 599 25 486 679 357 847 698 861 709 436 41 671 686 242 437 594 11 373 87 365 692 273 994 885 368 946 326 478 207 519 137 925 46 20 920 903 4 811 987 820 
81 895 750 6 567 204 867 616 768 862 653 421 78 516 384 39 34 857 404 544 381 407 657 712 402 912 948 651 348 658 231 214 875 110 622 614 554 286 381 901 572 728 112 811 773 572 995 981 757 78 536 876 847 944 94 300 776 103 486 911 82 743 185 846 872 878 
806 659 92 299 840 406 980 825 347 410 700 491 127 59 540 694 997 647 690 269 14 558 627 405 467 455 194 966 55 248 691 667 369 785 881 38 806 934 875 75 723 352 158 223 768 871 684 316 687 965 954 556 188 585 423 816 567 199 992 268 324 993 384 952 284 940 
949 229 508 314 798 722 963 95 880 83 274 162 240 429 636 162 714 112 124 882 984 697 989 323 759 579 148 340 636 314 147 464 531 404 447 781 575 507 240 396 518 595 801 970 580 333 517 906 688 246 98 452 731 919 722 310 588 17 227 734 209 693 824 561 457 45 
9 139 180 506 406 291 683 131 609 234 420 695 184 129 86 560 218 132 379 692 145 566 971 121 349 818 117 572 154 91 745 485 32 889 184 603 952 976 309 624 6 423 773 480 265 962 361 380 232 853 21 773 95 837 848 743 191 892 108 156 547 393 192 545 718 202 
568 697 594 463 966 724 812 284 114 60 899 675 309 588 368 427 523 606 239 977 839 631 547 521 800 712 183 841 337 388 97 146 759 769 993 668 451 221 575 534 959 647 771 358 541 782 974 915 259 346 726 452 43 605 694 540 383 189 412 549 826 66 3 294 857 86 
505 979 272 830 603 39 657 332 165 633 375 837 430 272 336 662 607 195 729 838 900 90 196 127 843 339 813 575 194 466 386 990 493 368 216 723 692 462 50 487 19 750 253 141 28 582 623 117 607 259 829 316 65 102 692 842 546 501 103 415 168 840 47 986 658 166 
713 432 671 981 712 846 956 994 68 595 956 346 35 36 593 342 27 525 441 644 465 721 693 408 276 143 995 575 587 185 107 443 621 953 750 128 527 51 354 145 15 921 194 688 40 135 818 649 950 196 961 481 185 681 543 632 967 833 438 840 210 165 629 97 224 171 
990 171 953 538 753 167 108 693 202 43 650 322 30 151 124 629 939 840 775 325 645 905 125 299 28 481 32 947 339 742 840 17 700 379 404 129 254 496 869 130 832 823 165 872 408 182 799 196 500 342 496 787 610 943 546 400 259 742 202 806 10 820 440 414 930 60 
75 170 885 552 335 908 681 24 54 589 388 489 307 838 265 486 39 508 219 702 794 868 198 497 475 723 717 456 483 72 93 368 467 465 673 555 534 223 55 179 808 159 999 915 294 77 628 5 112 951 987 313 105 523 281 913 455 382 393 670 62 427 506 541 487 572 
854 268 621 87 287 644 248 848 677 954 226 751 379 365 391 758 767 286 562 298 695 767 587 563 473 658 717 657 443 951 355 877 42 289 962 233 534 597 433 981 313 104 269 663 16 253 721 734 922 792 19 115 718 393 218 677 562 272 155 151 142 233 851 992 214 908 
287 375 270 733 559 57 176 923 897 713 873 382 457 930 313 626 878 524 49 227 712 288 895 99 533 338 309 239 380 282 672 803 321 551 460 877 110 825 133 117 522 193 712 407 227 247 24 385 88 16 156 135 225 890 5 673 456 317 806 6 8 111 180 496 131 460 
293 83 106 873 157 683 806 851 243 857 244 497 194 241 236 971 915 252 938 717 944 461 941 804 723 713 326 59 997 336 779 938 419 411 440 4 947 497 735 292 756 306 862 979 595 415 95 289 850 283 710 894 819 282 483 43 114 141 343 673 104 247 971 677 524 120 
475 191 796 539 282 326 441 493 696 819 368 597 86 182 837 34 969 600 370 678 701 102 398 765 145 542 496 65 848 426 986 614 328 774 259 165 291 607 357 855 379 458 925 183 891 62 944 589 544 696 154 123 974 65 714 629 823 326 434 874 310 435 579 201 706 660 
13 178 478 842 731 611 5 975 997 643 826 590 327 871 670 426 751 422 859 145 84 226 45 148 58 166 104 502 17 31 485 590 997 248 70 251 737 182 984 252 445 860 121 817 246 516 887 929 596 891 464 576 679 264 191 669 10 113 292 438 378 769 493 400 560 954 
912 183 122 179 987 157 928 390 242 787 745 657 167 778 598 198 88 420 550 737 490 516 729 142 60 487 777 645 382 349 890 107 448 912 729 6 711 400 434 268 546 936 28 481 339 136 80 683 9 864 119 355 889 270 737 443 141 933 617 582 301 42 93 776 282 844 
524 868 330 975 337 620 973 652 148 648 870 369 511 646 509 136 765 802 577 991 254 418 651 596 752 105 469 467 808 454 561 765 798 680 527 646 766 352 542 524 275 483 468 791 854 339 537 33 236 649 773 299 517 608 401 521 801 225 387 275 973 815 883 985 939 966 
682 371 336 933 123 210 102 429 689 222 354 517 904 997 752 628 800 997 410 786 932 494 848 210 353 943 969 32 130 875 919 27 176 344 136 384 590 188 305 467 898 460 54 642 280 170 629 327 449 658 48 698 496 521 888 281 85 355 327 917 131 351 622 611 132 105 
13 347 260 933 657 256 642 827 991 452 259 875 599 416 17 45 548 933 745 477 543 74 954 618 99 322 897 818 612 505 522 860 521 899 305 273 144 185 846 831 64 728 526 892 706 584 174 91 873 247 443 902 96 959 717 825 210 187 274 638 797 521 766 851 344 155 
496 364 331 496 544 549 342 483 557 761 786 965 331 176 219 956 289 144 391 966 697 467 760 803 688 609 349 919 453 306 639 841 398 114 79 972 494 817 453 223 60 926 875 914 773 847 0 439 232 880 480 443 346 910 552 176 440 590 704 704 386 790 409 952 312 304 
910 743 731 559 536 929 494 503 17 436 822 253 193 710 964 928 759 305 836 571 743 668 910 913 170 768 809 771 995 268 183 912 446 549 300 458 451 469 440 889 832 510 300 310 245 388 129 318 504 44 508 57 544 693 301 950 727 18 423 893 945 424 162 256 609 186 
284 471 787 783 46 103 780 245 74 174 549 908 11 421 263 489 997 346 216 965 491 977 915 130 759 223 350 722 819 755 717 859 191 89 532 379 972 452 113 323 141 80 616 915 173 153 744 323 443 43 650 817 874 623 378 100 997 94 567 900 128 85 692 499 921 389 
489 76 61 158 947 239 616 688 576 942 932 134 871 951 154 279 243 598 263 130 553 773 549 621 47 3 531 554 460 751 159 479 302 360 455 481 727 691 495 836 721 143 596 25 96 824 703 860 175 478 541 152 842 409 196 282 554 155 640 695 112 682 108 731 801 89 
948 399 863 715 974 382 632 99 313 708 807 114 645 691 809 182 610 892 698 931 61 591 902 72 677 6 547 697 116 820 611 877 977 725 120 571 650 298 792 966 854 413 896 258 208 235 205 641 32 58 837 271 12 712 252 894 68 453 707 879 363 791 323 950 497 544 
22 59 6
2 15 2
6 19 10
7 58 12
24 64 2
23 29 4
11 32 20
14 39 22
17 59 14
12 57 18
14 20 22
7 10 12
6 5 8
19 26 12
11 34 20
24 12 2
10 47 18
22 57 6
17 10 16
3 3 4
23 49 4
7 4 6
1 28 0
2 8 2
11 56 20
3 26 4
4 26 6
12 59 14
15 66 0
20 10 10
10 13 18
1 51 0
15 34 20
20 65 2
20 65 2
11 59 14
14 13 22
20 52 10
7 29 12
3 44 4
9 65 2
24 51 2
25 7 0
23 47 4
21 58 8
10 40 18
21 30 8
11 34 20
3 8 4
24 1 0
1 36 0
13 46 24
18 44 14
21 6 8
22 27 6
17 25 16
2 49 2
14 4 6
21 8 8
4 9 6
18 22 14
8 53 14
14 47 22
8 35 14
13 25 24
12 3 4
6 52 10
10 46 18
14 53 22
10 16 18
11 6 10
10 62 8
25 65 0
14 52 22
2 29 2
1 9 0
14 41 22
5 21 8
13 54 24
23 61 4
21 8 8
8 37 14
12 28 22
2 52 2
9 5 8
22 57 6
19 54 12
7 11 12
11 10 18
3 54 4
23 62 4
25 37 0
1 49 0
21 45 8
9 25 16
4 56 6
17 59 14
18 15 14
