51 57 39
74 250 416 275 581 843 658 806 961 290 24 935 741 126 97 149 245 594 384 755 193 748 901 672 951 488 646 33 999 835 663 566 44 355 899 65 810 868 765 490 440 229 952 704 948 505 199 843 437 10 25 541 713 224 413 767 643 
158 406 183 896 493 476 878 735 146 847 464 979 123 80 637 158 728 285 84 579 156 665 191 48 666 574 330 286 644 352 661 799 534 967 609 819 273 216 983 687 980 417 916 131 685 271 969 781 549 150 958 575 186 52 270 498 606 
74 462 222 268 0 496 895 450 236 476 501 890 311 981 776 467 940 761 750 461 662 275 299 226 100 683 292 575 836 92 272 650 402 486 683 525 730 970 192 440 354 659 778 893 117 716 351 925 557 644 946 152 528 918 403 162 254 
973 389 808 356 725 60 210 752 213 857 619 210 216 124 995 35 178 909 734 5 800 791 733 303 488 289 962 611 880 449 512 221 986 639 841 90 85 780 834 387 775 454 873 685 278 185 351 734 622 43 383 917 756 371 910 550 385 
471 789 330 371 778 330 847 301 142 45 1 367 155 622 212 264 276 748 389 855 298 559 44 610 223 247 976 421 553 198 847 332 450 768 792 276 720 131 327 211 645 617 460 856 749 538 401 149 199 647 742 601 811 601 299 306 654 
152 161 927 981 463 813 300 108 557 450 111 265 79 554 559 849 312 953 316 454 666 70 329 877 750 790 550 280 616 167 802 804 414 158 998 145 615 253 917 169 704 141 567 999 2 715 589 886 519 994 406 427 531 766 784 712 767 
544 643 741 176 251 71 229 318 553 13 818 137 98 595 870 118 995 281 176 263 303 993 303 729 541 796 478 951 837 934 988 932 800 675 311 141 235 676 772 204 159 850 93 481 625 987 639 827 753 665 535 60 137 912 577 51 964 
184 565 779 904 816 142 929 745 44 568 147 268 461 374 211 740 23 245 675 613 520 16 682 171 779 176 500 501 836 904 992 756 839 547 595 154 561 370 483 873 328 974 326 761 887 182 688 916 73 262 842 370 94 804 592 477 323 
320 883 16 172 447 117 209 765 764 396 855 638 436 853 426 556 828 954 670 100 217 718 11 899 676 348 701 209 352 328 514 444 169 173 773 993 51 566 119 365 108 56 580 801 223 132 817 420 854 851 840 770 763 441 133 875 227 
796 681 310 712 878 584 540 313 558 761 817 408 670 521 220 263 917 109 456 24 795 578 708 216 133 122 965 240 959 958 315 776 542 490 504 983 544 434 813 283 482 71 215 801 617 45 710 570 493 820 23 275 815 209 743 975 180 
321 127 451 673 522 544 397 878 701 500 482 983 187 123 651 837 451 31 843 212 54 215 872 717 991 768 435 212 986 210 29 660 264 342 792 518 292 798 616 728 454 620 852 674 17 244 173 276 530 670 137 739 591 531 44 10 874 
297 557 685 369 945 336 953 532 286 709 967 842 368 44 200 15 38 186 466 622 866 933 665 87 407 753 217 638 901 340 471 568 93 756 279 130 800 907 855 184 577 996 587 982 51 989 818 766 85 552 518 287 203 184 977 351 238 
397 114 701 747 467 495 789 240 261 13 729 658 66 402 328 357 297 476 429 131 415 498 103 22 882 376 152 688 72 80 45 399 569 803 369 895 950 32 670 271 124 307 297 821 505 255 41 669 378 726 4 316 94 964 45 348 451 
660 301 744 179 482 941 663 66 360 366 381 55 148 806 117 805 78 688 3 300 328 590 829 953 542 525 802 239 148 244 515 480 567 178 230 292 108 444 177 588 628 696 643 116 833 506 22 67 274 16 185 600 690 195 82 707 775 
541 752 732 735 993 479 676 596 171 789 231 376 509 561 35 516 755 331 655 978 61 558 803 82 270 594 400 577 149 647 387 366 752 908 899 743 151 468 548 992 708 522 560 779 189 252 738 443 827 170 910 130 571 418 760 763 935 
132 399 338 120 168 806 847 913 736 407 145 259 311 308 943 337 377 868 946 87 804 918 654 548 324 28 671 961 789 959 376 693 521 299 663 166 33 495 805 382 288 876 929 160 611 248 12 149 461 413 311 512 151 298 104 50 29 
734 628 786 971 900 78 781 14 768 862 646 207 100 61 658 602 103 252 794 965 651 628 766 4 345 871 3 57 483 214 184 568 22 157 475 817 218 497 899 823 960 953 769 285 479 210 48 168 746 516 518 432 177 98 198 600 451 
895 372 876 549 660 612 866 954 254 175 874 430 196 123 287 656 398 701 303 660 8 982 935 803 710 351 400 544 274 402 926 15 417 375 926 43 324 80 831 84 947 626 538 124 107 896 996 189 815 365 826 929 700 662 267 796 727 
162 241 266 618 455 441 153 347 642 99 851 885 218 203 218 903 585 317 239 163 744 416 858 226 438 193 632 370 909 80 795 953 370 583 404 35 191 151 69 296 62 733 166 257 404 618 799 984 847 104 501 23 230 648 266 41 51 
528 421 237 823 993 91 538 235 447 905 476 303 410 440 131 681 738 931 436 27 767 511 97 785 558 471 524 637 335 964 466 33 723 101 442 617 196 481 460 778 516 118 574 291 975 844 90 622 429 836 387 3 71 982 406 762 147 
988 574 138 179 593 55 803 887 76 308 804 843 375 813 874 275 311 664 535 674 311 831 586 394 29 674 32 854 937 843 62 652 342 248 146 238 294 334 158 543 942 392 807 59 275 111 576 463 615 947 390 503 980 184 552 894 44 
12 118 680 451 564 770 676 897 799 743 557 136 922 412 519 30 530 77 415 903 352 719 268 779 318 406 937 991 944 645 340 771 934 880 840 359 470 145 159 571 566 542 156 625 15 788 588 209 205 466 180 57 746 404 262 175 3 
41 245 549 363 964 88 71 891 132 652 179 259 136 473 870 41 491 174 607 672 391 217 466 213 937 231 876 259 113 945 38 910 493 439 688 932 761 535 723 472 429 958 306 312 978 295 374 486 290 329 645 331 499 2 215 759 760 
138 12 526 245 330 117 676 92 283 741 321 697 411 252 944 406 795 249 993 804 468 904 510 463 151 87 195 492 859 617 86 393 921 446 518 441 20 808 833 220 461 505 789 87 738 150 671 388 390 434 778 465 404 480 400 741 557 
210 908 269 265 399 655 914 922 676 129 579 444 458 88 199 928 231 332 527 680 436 155 964 661 587 976 773 308 194 157 346 663 264 978 490 999 971 38 373 335 916 130 207 876 680 541 594 369 139 970 566 351 99 350 0 818 902 
805 69 750 241 180 337 336 271 257 832 65 226 766 399 685 417 533 800 970 957 141 841 412 217 987 48 125 926 500 981 418 273 958 980 608 682 63 861 829 346 229 122 356 335 660 788 440 686 918 546 369 671 484 448 485 614 75 
152 405 923 250 615 40 71 95 734 462 65 850 67 906 660 410 252 363 527 587 224 268 306 32 706 830 7 557 250 727 724 742 106 436 764 731 818 2 276 357 144 298 721 786 616 755 828 500 395 818 334 167 455 604 166 489 723 
132 460 421 757 599 689 312 410 525 893 172 434 698 757 106 309 34 519 266 206 692 139 295 570 789 576 558 245 525 71 252 282 495 800 295 252 489 472 373 805 876 492 777 922 221 820 156 882 690 750 519 354 944 62 815 702 705 
296 121 501 675 354 109 521 787 472 416 114 129 941 409 623 797 898 885 320 71 935 405 346 916 828 261 536 580 354 80 138 129 954 647 685 570 202 936 15 477 40 707 421 251 644 400 827 908 614 644 334 436 593 371 26 406 187 
375 580 572 665 638 251 113 812 522 351 197 466 297 678 840 643 685 55 698 233 86 973 502 938 131 362 919 934 184 293 131 743 89 665 596 473 429 444 5 808 142 329 330 960 540 962 856 46 249 749 539 937 719 841 846 539 702 
526 77 106 722 559 871 221 712 389 24 909 769 761 242 211 352 253 203 48 173 575 361 916 172 171 522 270 608 652 865 533 720 455 810 961 499 469 279 89 216 731 947 858 375 679 75 888 115 808 965 372 88 130 536 826 289 221 
347 798 907 418 890 211 110 618 914 559 217 170 118 534 140 270 338 898 673 17 156 644 92 198 547 826 122 967 704 300 813 207 113 300 373 638 604 450 763 801 489 769 199 491 152 938 825 180 817 922 692 923 594 163 278 915 251 
412 645 720 709 470 108 765 993 412 674 612 950 469 812 153 746 434 0 251 449 974 130 703 924 895 476 34 808 328 902 923 399 240 718 196 12 483 937 291 840 138 591 617 217 697 772 957 674 766 690 14 798 329 132 356 702 988 
302 650 786 560 384 122 820 521 697 388 472 631 528 245 495 595 182 936 571 618 608 731 381 233 816 33 370 741 490 431 420 861 956 493 509 751 607 300 934 235 923 982 165 8 406 670 805 753 156 997 647 612 835 406 255 743 398 
335 961 143 665 404 970 910 468 82 235 992 200 420 368 914 102 662 575 104 335 940 788 474 190 885 874 610 970 18 915 844 383 709 776 594 44 703 404 67 656 730 722 552 238 160 296 795 127 526 707 772 494 657 937 705 390 899 
38 377 888 242 206 165 1 310 378 67 864 732 317 865 22 819 782 866 733 314 424 568 291 917 868 535 896 10 792 450 194 28 57 732 474 195 644 812 223 38 355 158 97 255 315 106 864 993 529 852 363 568 229 23 172 524 318 
22 904 244 989 257 36 339 46 48 363 210 777 127 421 130 983 406 834 683 912 396 92 22 681 400 737 428 26 819 391 433 110 469 939 505 996 290 586 61 58 913 904 393 297 225 671 757 11 304 879 374 281 626 500 905 833 194 
397 467 453 208 569 40 975 679 116 166 800 50 991 453 952 138 989 757 63 118 825 364 90 336 653 882 321 728 798 915 86 543 403 81 672 354 260 843 701 185 0 703 694 139 726 311 284 400 509 426 232 107 823 898 384 337 784 
173 334 570 508 602 650 459 703 74 880 966 694 289 780 511 178 103 474 979 69 152 794 519 501 764 128 450 901 19 418 16 419 137 778 285 156 794 619 178 747 74 817 102 481 603 913 212 839 188 863 269 983 435 799 778 928 343 
203 425 967 724 99 497 42 715 354 331 681 725 845 687 182 53 407 536 539 799 63 981 986 865 171 693 95 524 478 478 730 367 756 547 225 944 391 431 83 791 690 234 598 2 386 455 426 975 701 343 871 377 850 806 952 777 56 
967 571 984 179 471 568 639 969 123 575 284 458 671 839 817 406 221 225 266 536 54 443 787 8 695 320 372 439 194 196 58 699 0 70 907 914 97 846 749 284 848 414 419 753 677 204 917 25 128 405 763 482 631 294 543 324 772 
892 276 97 230 107 710 560 170 68 927 520 991 63 979 641 547 688 761 223 668 702 295 208 799 654 849 421 631 926 973 709 986 166 894 916 918 977 154 594 539 264 570 656 237 96 255 990 329 130 139 632 625 320 139 591 270 48 
743 307 473 49 490 390 86 801 69 908 653 793 403 119 118 184 800 174 560 228 291 421 295 432 853 777 216 551 996 650 522 287 345 594 74 592 475 740 402 843 645 838 816 152 635 777 367 271 620 975 396 688 300 52 527 486 577 
980 92 983 296 60 885 95 588 717 566 665 618 516 572 535 355 93 11 929 871 861 866 993 994 582 949 879 902 413 471 401 53 727 2 562 281 786 781 907 35 105 968 576 332 207 735 865 290 573 777 424 931 158 748 626 39 207 
54 358 365 52 178 43 437 222 566 191 501 17 13 729 426 161 358 512 917 292 575 213 191 506 431 26 250 546 63 286 142 127 100 673 221 239 773 826 156 603 739 336 358 826 489 444 342 897 41 590 849 901 897 559 485 873 784 
643 634 179 561 921 228 360 163 723 322 816 474 88 246 460 606 849 217 396 741 185 882 245 176 909 771 24 799 370 681 573 514 486 750 78 693 975 412 200 254 152 695 332 558 538 304 573 194 991 754 545 998 210 819 834 925 866 
721 199 983 236 214 443 422 552 377 831 679 68 874 43 378 317 954 799 878 997 989 248 101 894 845 823 982 436 636 867 749 824 534 966 707 232 648 661 931 636 697 169 971 164 235 827 107 710 558 781 949 675 370 427 80 105 774 
967 99 939 818 284 251 324 301 403 769 682 276 417 107 343 216 778 845 532 554 782 556 830 518 281 855 42 409 433 730 812 329 224 344 51 136 82 860 905 659 240 596 710 237 314 995 92 555 620 914 894 76 607 290 105 71 384 
648 348 889 310 501 92 89 85 769 968 186 151 884 692 13 58 8 17 224 165 230 360 870 148 116 655 244 483 568 317 678 398 508 39 932 287 510 245 620 825 506 470 869 521 638 944 53 485 930 613 56 805 970 975 261 973 113 
275 574 164 171 307 397 975 400 638 558 583 960 802 133 121 695 746 820 340 599 258 216 877 44 191 193 182 512 236 748 533 28 182 335 384 327 201 945 455 134 868 491 586 376 32 647 161 381 326 843 442 627 494 26 357 476 115 
120 4 759 499 711 510 425 5 843 915 104 131 366 353 580 87 992 132 154 538 807 837 903 127 535 17 325 647 615 226 933 381 368 123 673 881 10 901 508 410 268 823 17 428 792 722 741 650 113 914 146 989 361 432 16 250 852 
27 34 46
13 45 24
6 19 10
49 18 4
42 15 18
45 41 12
29 2 2
33 54 6
35 12 22
10 11 18
46 8 10
51 49 0
38 17 26
46 13 10
51 29 0
26 50 14
12 42 22
51 12 0
48 49 6
40 47 20
16 44 26
9 14 16
13 43 24
2 32 2
22 31 42
11 14 20
4 30 6
12 38 22
45 4 6
45 43 12
47 24 8
4 43 6
49 37 4
13 53 8
7 38 12
13 9 16
34 6 10
34 52 10
13 24 24
