77 89 31
288 213 387 566 898 730 518 903 58 344 420 457 567 823 3 80 353 34 912 359 772 898 319 663 198 530 580 883 135 86 171 440 732 229 592 922 600 989 652 274 256 685 429 684 217 253 625 252 721 66 839 120 206 519 90 713 102 237 858 59 861 402 569 484 61 880 399 625 133 436 458 916 224 647 493 330 456 537 212 9 799 937 881 150 618 129 174 732 499 
766 616 273 729 182 757 18 70 242 746 311 836 395 619 89 981 257 111 648 951 366 358 361 552 504 323 317 75 534 288 357 142 770 459 736 919 452 27 671 971 464 558 528 851 166 411 910 668 943 870 218 937 927 486 835 631 758 55 552 549 776 284 246 166 660 581 870 868 650 120 765 978 869 319 287 982 793 318 590 625 782 152 292 492 330 397 952 82 452 
858 36 924 292 165 157 221 409 579 429 202 331 527 667 333 55 153 817 847 240 137 797 271 602 447 457 116 721 33 302 754 641 560 45 965 343 559 102 727 636 544 273 903 98 845 426 465 895 992 186 115 407 632 368 963 750 976 558 987 874 278 0 406 742 549 679 994 292 247 308 138 586 258 192 230 597 389 928 641 139 360 366 911 554 30 730 465 14 440 
639 15 704 902 138 968 986 812 846 649 870 680 27 376 502 484 12 523 999 732 39 450 559 597 464 190 381 847 383 100 39 377 680 554 942 920 633 93 559 571 125 637 883 78 735 981 949 193 883 418 515 277 614 672 742 290 805 812 700 776 147 297 709 944 173 218 818 533 55 113 665 549 537 922 5 406 236 559 67 599 135 48 39 868 142 790 93 261 178 
469 171 140 411 980 379 185 729 874 831 515 754 495 701 781 654 212 154 219 511 872 419 224 260 655 454 142 429 433 471 232 112 421 926 63 498 704 558 127 881 974 465 574 126 900 391 65 152 575 525 154 707 708 537 673 528 917 148 854 638 861 985 873 614 512 906 614 980 530 361 616 25 611 124 569 62 27 522 291 3 952 146 638 933 392 114 143 709 717 
773 601 469 733 182 874 342 571 489 900 518 750 249 615 37 363 356 368 902 529 810 368 274 553 580 484 247 360 18 924 744 107 205 809 879 462 987 288 654 89 840 254 994 591 129 767 384 876 356 368 378 306 364 196 106 216 313 998 751 568 124 709 869 371 640 349 351 12 443 15 799 710 732 255 718 482 374 558 136 928 466 188 22 162 460 299 999 712 988 
851 56 299 325 237 736 386 946 127 121 874 147 675 632 574 951 548 86 643 868 134 591 69 129 200 959 956 381 681 924 237 921 228 79 526 128 634 884 562 95 715 65 437 430 968 412 117 22 200 492 589 133 788 457 263 365 601 400 652 220 98 159 915 356 568 215 669 713 143 263 313 611 837 20 289 401 842 470 503 270 855 822 853 200 637 764 984 242 594 
654 272 388 274 826 903 569 520 556 483 470 664 155 690 98 250 989 505 568 93 499 497 897 22 128 78 487 771 962 629 157 472 707 90 442 757 514 27 252 434 770 477 224 224 748 25 264 654 912 986 78 52 359 389 541 560 884 981 22 555 769 299 984 174 621 743 209 662 771 973 281 185 614 750 718 844 760 322 305 700 674 959 839 429 734 425 172 897 792 
870 90 576 731 204 872 265 791 466 342 763 448 944 396 818 755 884 473 209 161 649 913 864 190 645 960 698 715 744 788 262 95 253 319 80 700 974 497 204 374 352 116 942 278 688 689 776 525 136 208 25 796 355 52 879 920 680 13 297 899 302 319 475 261 189 624 718 330 636 887 163 229 389 600 220 578 889 60 760 688 641 877 673 157 914 358 732 52 404 
321 68 450 775 387 458 367 787 114 541 119 627 838 731 24 868 885 497 789 511 593 765 545 721 780 5 160 436 604 411 335 964 425 456 452 32 402 722 192 34 792 483 80 405 899 439 971 170 872 882 382 31 436 339 883 445 730 193 616 852 192 329 764 173 160 601 340 291 626 204 20 591 223 610 713 575 112 11 147 619 469 73 992 212 545 839 82 248 850 
913 763 710 959 433 807 938 27 939 864 502 574 38 615 454 290 408 302 262 106 972 18 122 863 275 342 657 156 492 11 903 33 225 427 766 414 408 469 689 61 242 474 460 137 971 790 227 622 407 58 509 166 958 799 716 226 939 229 428 362 111 369 910 915 660 605 417 575 857 313 779 699 330 415 33 537 224 388 785 222 436 346 416 70 219 947 61 419 319 
281 617 541 259 584 65 915 136 140 873 959 760 383 247 200 54 554 241 337 488 677 268 783 347 50 59 495 314 612 840 718 330 837 42 882 532 748 619 502 720 998 52 755 546 27 487 417 68 953 89 165 768 862 746 244 104 78 90 718 316 405 538 430 983 86 260 942 127 754 560 575 855 581 37 845 562 82 280 841 806 6 83 385 715 186 389 458 255 898 
882 117 759 634 103 759 484 433 44 827 279 229 430 498 346 166 256 787 461 959 37 93 610 566 493 249 398 157 914 156 988 673 589 618 631 760 466 687 19 879 413 406 345 913 311 181 133 676 937 815 854 518 267 409 114 213 714 689 971 883 108 839 682 24 761 591 262 602 304 151 257 127 843 212 48 595 768 633 421 405 36 863 306 475 630 272 259 871 374 
476 81 713 344 927 63 683 329 274 579 828 764 14 498 500 490 15 608 22 436 341 372 539 982 309 468 483 81 454 793 503 365 208 569 930 346 927 365 886 921 126 823 898 916 149 50 529 14 381 558 134 432 514 902 395 537 391 792 929 258 88 688 746 851 416 105 274 53 347 866 252 77 518 56 289 626 899 965 963 643 256 29 327 544 175 297 233 947 992 
331 42 834 666 884 804 501 616 877 406 998 512 608 402 490 720 482 708 514 18 831 598 374 358 322 870 55 101 200 593 791 387 872 488 944 143 409 857 101 21 312 433 577 290 436 708 866 983 783 999 929 854 500 717 409 537 704 518 58 611 671 214 417 190 515 633 694 251 531 508 105 185 886 959 609 316 154 894 747 798 350 151 291 28 944 414 554 999 83 
819 877 571 153 717 197 724 473 48 672 340 470 914 332 377 939 676 35 539 358 956 296 611 856 175 628 871 806 219 620 147 320 378 91 873 788 330 544 305 718 626 796 531 717 543 234 825 877 773 475 146 916 393 469 881 387 147 663 836 956 505 603 168 3 454 25 442 114 913 916 176 204 594 564 174 638 967 207 445 93 757 52 166 768 594 382 660 267 823 
97 903 692 67 524 476 326 707 891 474 64 790 71 367 186 188 644 385 787 878 592 689 273 928 195 914 910 403 239 280 315 952 901 715 588 847 385 362 567 965 172 436 514 820 468 961 265 524 218 103 329 895 703 578 652 323 348 947 569 432 629 89 983 273 640 548 574 759 336 917 178 449 537 652 12 280 863 866 967 71 960 77 300 7 442 794 891 896 898 
268 103 388 618 706 860 622 270 287 199 960 708 763 66 74 285 127 122 798 300 310 975 839 418 415 672 170 116 430 673 349 186 450 378 77 52 977 293 908 259 952 947 350 425 855 739 436 270 9 592 818 752 353 718 307 30 528 321 580 65 91 858 430 967 488 640 301 686 441 494 485 482 698 726 85 899 693 562 355 758 813 82 287 157 71 271 756 710 364 
851 825 333 419 419 709 495 387 507 385 836 502 356 279 439 74 308 272 630 793 890 100 305 416 124 634 945 924 423 464 494 256 858 820 900 267 984 176 387 183 104 652 738 764 210 486 360 227 49 564 294 135 191 522 388 805 993 799 175 516 297 602 811 463 402 386 963 344 587 723 138 175 323 172 365 120 429 372 103 2 152 285 848 115 750 338 339 65 407 
906 347 3 729 870 633 942 974 975 716 404 259 152 110 767 568 163 247 596 80 719 417 466 511 327 807 65 427 742 282 415 128 399 481 709 724 257 780 905 380 374 893 669 513 493 100 756 227 726 166 365 184 539 753 512 16 710 247 37 928 692 188 20 162 465 437 462 493 342 455 435 998 805 745 725 459 421 760 634 440 8 85 807 856 658 748 871 705 205 
940 99 84 223 414 371 391 277 116 955 281 393 951 729 722 766 892 786 924 748 45 340 778 863 64 326 812 826 358 444 4 849 490 951 512 804 523 329 972 703 880 766 235 286 919 78 514 910 859 598 305 151 176 159 927 997 11 686 705 214 378 818 462 646 13 701 762 766 240 737 301 707 47 876 192 866 165 198 755 905 528 655 621 241 324 398 89 503 354 
452 226 554 29 734 59 215 186 497 85 953 929 104 550 812 60 969 618 256 611 63 801 506 233 464 997 62 54 989 118 881 370 722 987 787 979 572 871 394 115 599 86 633 202 746 779 791 267 338 824 188 237 666 272 495 464 652 52 170 602 930 592 847 22 901 873 468 319 783 558 961 766 380 952 794 870 810 208 696 976 985 971 467 968 821 484 410 515 545 
606 658 555 582 860 876 401 298 112 97 446 811 796 433 854 874 912 761 506 244 712 187 392 163 657 503 472 68 921 744 149 274 520 353 503 936 142 942 793 995 523 966 780 141 757 630 519 966 329 730 513 165 593 260 957 517 294 286 488 555 666 44 795 11 621 259 471 666 74 983 169 189 542 464 444 889 956 899 134 604 855 567 344 705 509 438 229 417 813 
476 142 204 45 420 175 624 882 173 650 800 724 867 886 517 605 954 435 170 615 174 53 929 391 406 227 259 986 438 267 445 362 580 243 446 644 306 998 564 626 298 362 895 808 736 938 901 421 464 101 421 680 737 322 615 804 330 261 440 138 168 851 411 786 145 582 523 309 931 901 885 337 926 436 50 322 888 827 451 362 895 461 141 69 769 743 371 235 615 
987 683 266 144 809 881 744 610 497 367 514 43 743 374 964 877 899 902 670 704 331 577 166 738 80 70 512 194 610 114 383 714 249 545 318 890 281 697 504 288 793 167 64 797 696 227 894 244 348 103 447 756 488 757 528 21 538 422 974 63 966 294 212 677 882 5 978 345 96 433 191 321 993 975 820 391 852 136 596 598 771 368 59 8 589 810 505 60 454 
374 731 949 712 909 399 142 883 588 866 74 208 956 592 688 766 882 40 907 919 265 985 615 507 605 948 743 623 283 247 324 705 517 555 464 538 841 604 105 456 545 770 777 183 381 832 657 212 124 224 726 734 290 641 940 905 243 127 751 88 542 950 680 246 533 786 436 225 760 613 89 892 321 526 433 384 922 194 545 558 346 994 924 99 679 457 984 817 6 
840 770 366 422 473 588 130 554 876 917 306 645 832 514 36 671 394 736 223 878 275 723 721 960 393 640 668 444 597 911 550 705 540 956 235 182 956 973 129 225 396 846 32 291 177 568 524 952 785 168 512 932 118 403 33 201 121 903 36 909 719 797 381 721 165 907 765 380 571 854 199 317 112 308 823 192 723 815 903 935 265 486 56 538 439 982 961 42 133 
253 119 527 869 551 914 905 143 233 407 739 627 547 551 523 811 219 723 54 466 308 938 273 828 366 233 491 835 734 222 94 931 582 153 596 147 376 720 878 880 331 997 831 88 328 510 503 848 423 817 459 75 194 793 658 583 115 345 115 429 777 476 962 805 718 439 681 116 516 884 635 19 477 372 868 53 666 847 532 268 627 819 266 401 774 47 165 230 483 
427 230 746 155 246 49 184 224 835 690 812 840 825 605 196 59 774 597 582 268 327 574 172 933 575 639 800 642 185 590 125 416 51 24 133 470 409 56 233 57 707 188 192 350 85 663 270 713 401 16 72 642 194 66 602 847 375 45 453 100 379 195 88 919 77 4 58 720 681 282 194 677 138 185 363 948 442 358 695 370 31 776 566 177 164 604 499 709 297 
650 731 591 40 917 131 619 38 728 438 484 25 676 992 200 668 646 425 246 68 925 897 27 870 409 492 380 656 583 115 605 432 737 87 648 205 650 538 266 696 383 172 23 118 337 334 693 765 344 575 558 296 625 81 312 457 7 759 399 699 784 494 458 417 694 876 682 853 94 329 102 17 557 489 212 28 598 906 290 226 313 41 490 954 926 115 828 141 366 
738 238 496 626 655 783 742 565 351 817 766 612 595 412 68 215 440 607 710 487 175 273 197 606 409 286 318 487 595 357 876 418 962 902 188 314 364 737 309 994 995 625 330 729 646 648 629 855 429 884 849 7 993 431 76 756 901 644 39 512 701 365 684 352 594 754 515 227 431 891 928 425 28 663 925 160 76 317 144 938 725 351 440 338 51 695 193 237 33 
138 578 790 173 433 375 962 431 990 672 978 662 475 845 470 495 390 796 894 707 921 969 620 651 357 497 726 187 47 970 127 464 683 314 453 487 45 603 581 212 30 128 586 91 339 967 181 871 650 683 918 445 238 317 977 580 601 958 764 483 689 451 517 406 947 333 184 687 996 923 293 869 615 335 800 52 576 931 250 720 239 814 181 15 609 142 837 843 456 
19 490 576 394 414 234 344 831 252 979 232 243 11 486 439 284 880 239 883 790 651 113 111 34 896 143 205 677 786 637 740 77 613 924 222 750 168 860 481 938 902 820 336 295 784 933 93 561 352 204 933 793 524 630 376 446 766 783 683 72 908 643 820 284 824 893 841 928 918 693 94 232 797 892 889 689 540 852 355 707 51 27 446 956 651 502 630 495 203 
441 741 844 8 556 366 233 824 778 437 430 699 427 962 277 534 617 656 264 845 912 382 933 132 199 386 213 115 299 397 858 180 538 791 606 762 124 399 392 24 534 606 514 762 121 297 14 620 631 706 798 894 806 370 891 584 564 501 134 104 898 289 642 389 574 12 18 239 136 474 886 933 582 48 721 474 827 920 414 996 682 737 561 211 168 730 922 171 303 
674 715 454 935 735 675 961 24 178 971 169 314 755 214 578 85 871 558 132 164 466 81 698 204 666 939 128 723 690 164 688 852 871 706 849 479 171 465 189 868 387 183 806 520 295 157 396 224 918 279 181 898 492 620 378 92 513 96 57 12 718 599 876 558 959 173 206 500 167 249 477 127 93 128 297 572 770 109 463 26 75 990 698 872 17 58 391 676 658 
534 731 101 779 487 771 274 533 321 247 843 546 486 309 29 810 627 478 196 830 324 470 248 832 688 333 538 965 335 853 904 344 79 48 644 189 734 656 683 622 490 266 657 253 444 616 73 695 940 537 586 209 973 935 534 706 33 524 788 341 143 730 733 849 560 78 339 414 18 920 918 279 516 482 248 230 808 458 784 344 694 558 748 143 133 627 959 806 692 
690 250 596 887 608 710 192 781 72 856 293 590 807 206 866 274 883 646 209 797 401 61 345 86 122 396 251 407 225 279 950 191 939 960 847 642 83 240 328 418 338 974 667 783 424 808 180 714 313 877 329 959 607 165 982 857 839 688 977 175 659 27 183 100 876 314 225 180 73 815 422 810 72 664 742 327 480 447 209 646 745 419 98 698 224 115 523 240 3 
867 838 905 37 255 5 608 207 452 22 698 28 686 303 603 399 748 378 764 258 104 133 322 797 194 465 363 490 36 308 346 409 680 285 778 973 422 179 430 218 402 971 719 137 618 349 295 665 189 986 682 748 526 907 900 683 504 585 901 231 307 236 505 701 477 378 93 717 45 319 580 871 528 835 535 723 910 213 811 652 670 370 451 303 46 145 614 214 799 
54 4 979 845 481 51 835 197 666 806 522 79 100 700 188 866 267 174 391 614 675 330 443 813 870 669 338 467 226 678 178 853 541 709 780 78 525 418 416 676 577 441 455 120 437 387 956 988 678 721 608 616 515 729 394 853 43 51 135 442 1 997 667 197 361 131 772 921 670 322 502 269 369 131 921 118 112 245 772 939 785 995 628 309 449 341 821 834 461 
314 283 87 84 506 293 530 679 658 7 578 694 209 291 198 657 87 452 642 943 926 190 937 702 992 717 444 560 616 488 152 823 156 529 85 781 664 189 882 242 982 339 510 266 993 562 618 258 498 259 987 175 977 24 435 940 389 911 94 390 406 464 906 765 767 775 920 857 442 357 496 982 644 705 521 638 687 999 245 610 910 595 578 245 715 268 829 68 988 
784 490 150 965 831 70 516 839 78 301 644 445 107 232 968 135 32 198 198 63 94 931 636 225 928 742 811 32 728 596 293 755 137 226 667 391 251 703 487 806 341 824 90 493 370 62 812 963 466 698 550 269 644 568 413 638 981 737 342 468 663 770 568 790 793 258 106 561 599 985 290 194 462 12 583 230 678 765 20 588 508 416 858 540 995 112 336 898 775 
183 90 498 965 148 339 255 690 231 992 447 639 296 818 238 526 598 879 435 155 499 918 727 738 652 422 329 353 527 690 47 641 597 26 160 711 199 49 292 857 116 839 676 887 520 507 910 352 697 918 289 630 267 862 991 415 332 997 952 905 793 830 891 649 550 524 352 999 325 567 361 882 414 332 374 748 989 663 519 833 354 760 356 297 673 263 377 328 729 
573 877 119 354 992 242 424 519 939 775 891 788 864 568 584 553 35 239 432 596 924 228 989 684 984 336 618 817 613 607 640 946 776 716 215 406 733 590 669 484 50 248 374 214 185 191 672 792 128 836 489 767 774 929 343 852 508 648 116 175 613 511 805 864 740 616 861 385 457 973 898 568 887 257 444 825 61 9 893 975 270 969 74 683 656 91 132 533 158 
562 947 31 410 12 120 802 243 62 581 408 334 682 116 896 924 284 625 839 704 706 284 364 123 9 239 116 982 420 128 860 611 24 483 77 185 691 768 810 18 850 92 445 202 98 407 79 318 374 65 174 711 215 801 384 362 554 244 622 493 338 350 556 903 519 553 677 845 535 615 852 93 344 53 693 793 959 414 809 993 19 200 689 437 51 512 225 166 918 
845 190 864 321 987 906 191 90 919 948 66 36 666 101 424 315 156 604 109 887 206 956 929 846 811 483 334 962 412 995 501 722 423 54 852 163 147 322 85 743 491 444 853 478 988 344 31 785 757 591 29 30 138 649 10 60 645 266 607 32 450 425 513 905 604 803 203 598 41 167 294 488 880 74 33 146 58 162 774 612 660 744 98 734 935 527 608 90 266 
137 236 266 229 496 135 297 394 113 52 293 778 53 485 50 98 266 275 90 160 271 816 848 853 988 450 349 585 311 431 153 46 907 320 643 274 787 395 796 316 125 721 797 346 393 400 289 437 656 742 989 794 690 307 267 413 136 377 102 284 608 459 112 565 358 919 879 269 327 281 279 118 337 254 921 204 959 594 744 357 33 918 204 971 320 577 223 751 374 
370 757 659 628 551 50 99 397 197 251 153 0 613 894 325 203 471 125 661 218 782 957 334 855 776 237 151 636 152 234 455 828 601 759 339 479 33 786 37 564 543 826 899 688 579 892 867 533 857 61 729 751 2 34 885 679 351 83 844 554 146 126 529 676 499 335 151 502 187 773 622 607 233 704 551 910 167 966 46 773 48 510 483 369 888 924 197 158 720 
626 548 768 420 831 577 404 891 145 316 236 67 271 161 882 54 17 833 772 668 785 680 509 911 898 424 557 957 710 122 126 790 591 828 191 602 939 331 70 301 706 510 14 283 555 140 641 842 994 316 198 24 366 943 259 394 568 692 798 173 78 352 253 973 580 503 125 440 420 588 544 518 485 144 832 0 407 331 624 330 726 28 353 885 492 270 713 93 25 
58 153 644 446 787 845 250 216 546 398 618 399 318 460 906 830 999 325 654 981 344 707 185 945 103 385 985 302 418 221 941 187 759 257 366 163 679 924 592 932 521 758 140 872 951 256 99 625 71 249 833 314 224 94 731 616 271 905 758 927 893 954 134 721 878 163 559 945 897 564 780 6 599 951 586 523 178 759 983 131 235 897 645 97 88 325 565 590 992 
734 921 668 773 11 251 263 573 362 475 91 148 395 393 833 121 352 991 955 875 964 106 734 16 481 709 960 915 68 666 447 896 899 470 257 596 102 784 850 718 59 966 119 507 772 379 417 451 211 193 149 902 725 487 353 226 340 527 441 261 727 55 383 89 788 113 849 816 158 561 108 469 105 467 815 485 50 559 538 360 444 682 445 720 213 290 149 653 119 
118 289 602 242 423 523 135 207 238 922 452 583 708 75 711 241 448 8 739 539 352 481 949 600 560 103 179 944 56 328 676 341 389 508 134 945 126 166 256 989 313 782 652 141 370 419 176 519 863 814 706 954 979 849 334 931 125 982 429 634 204 61 635 211 185 909 541 128 857 276 782 820 6 746 981 715 225 935 524 806 134 484 750 850 459 535 982 704 454 
208 697 727 579 896 960 92 359 418 644 332 212 794 949 552 960 169 625 7 100 507 726 826 183 847 388 449 269 829 410 451 951 599 947 122 264 134 212 269 761 397 718 31 49 594 594 485 533 961 670 620 728 875 186 800 831 699 351 602 388 393 285 921 900 976 951 209 367 498 550 105 668 563 158 174 990 626 73 797 71 76 414 622 152 35 574 340 418 620 
891 449 580 254 77 262 161 454 530 279 93 312 280 709 180 864 242 470 167 526 846 535 324 607 759 441 896 744 852 577 20 910 980 458 138 17 220 149 162 95 726 544 301 28 55 645 349 575 454 985 591 280 340 853 630 318 804 697 805 837 689 972 305 596 46 208 969 565 886 315 979 245 689 760 4 371 703 36 875 30 796 628 946 374 960 707 242 437 642 
666 51 119 808 464 869 803 902 617 557 214 400 555 879 293 134 763 181 552 635 182 177 375 433 52 293 52 598 214 892 231 475 328 684 768 438 10 619 895 854 848 859 544 830 842 28 59 273 598 220 439 712 400 613 318 850 547 435 692 769 802 560 673 525 287 782 558 759 293 49 92 68 257 663 368 652 675 932 2 566 795 638 573 866 950 841 201 394 847 
608 788 366 274 362 239 778 796 893 996 206 454 977 342 755 840 643 41 813 667 772 312 345 727 238 837 644 963 635 755 749 210 889 495 680 370 46 149 600 241 780 111 960 952 169 72 375 361 293 79 758 829 401 751 558 798 665 683 811 867 357 783 623 698 162 377 340 999 976 390 706 979 359 90 809 728 899 367 740 169 673 766 146 854 405 372 34 372 522 
363 458 571 772 938 292 154 102 23 518 501 595 888 588 38 43 745 677 386 284 391 406 98 554 11 646 281 197 947 216 765 701 658 582 327 821 655 377 77 889 964 106 639 437 805 603 926 331 776 287 376 840 52 858 233 628 953 254 955 517 727 180 158 575 963 763 410 890 708 696 321 415 948 811 330 792 826 673 792 180 324 491 561 635 673 923 474 404 4 
614 184 905 389 954 329 691 578 829 889 536 43 7 153 741 795 814 337 985 738 140 446 953 208 735 655 377 443 444 481 37 569 937 835 812 785 470 315 686 244 47 95 402 649 705 664 879 86 750 761 957 755 279 205 390 568 885 462 390 870 19 722 868 507 36 968 940 991 396 481 347 396 766 593 54 410 170 492 823 24 312 845 558 503 22 258 344 488 385 
107 470 70 155 898 172 558 602 924 604 459 265 269 358 502 581 146 487 282 22 64 788 597 360 282 345 275 237 887 346 205 185 178 260 415 441 707 153 102 360 651 511 112 648 261 972 230 601 831 720 164 426 440 511 26 57 371 82 3 24 354 888 522 502 278 766 900 23 754 744 824 354 800 107 251 37 723 881 585 534 612 311 982 896 103 14 874 928 381 
260 322 516 869 647 755 151 604 310 338 267 612 276 767 699 512 250 48 660 301 607 226 928 835 238 682 214 755 5 969 121 876 109 830 875 918 547 69 990 111 986 861 664 979 922 295 400 742 945 555 945 661 44 981 290 363 883 812 431 815 670 747 407 131 432 73 379 279 175 803 456 820 916 601 457 581 469 685 701 871 108 895 680 281 676 206 784 966 448 
594 391 759 848 125 223 926 880 680 879 974 263 601 521 542 809 681 101 620 145 788 317 134 735 322 286 723 426 154 88 248 50 806 994 983 964 370 613 18 3 870 347 797 127 363 908 970 229 386 253 989 627 216 501 944 758 214 149 113 602 4 764 486 901 526 972 443 488 446 861 635 891 921 859 778 156 350 206 723 380 288 262 501 78 893 281 16 357 832 
243 270 577 273 281 508 229 675 354 415 744 894 802 820 734 195 659 448 90 573 235 54 314 607 301 39 79 592 588 35 608 715 563 461 690 755 10 325 926 964 198 143 215 757 512 633 430 833 312 938 108 932 606 326 427 475 572 158 953 668 155 900 770 837 977 932 649 200 980 454 524 620 262 311 769 471 397 199 464 711 525 230 654 288 892 688 250 375 881 
72 673 5 466 976 137 456 657 398 211 347 91 858 434 174 397 884 59 560 59 426 672 0 526 927 365 220 928 167 477 712 567 967 881 640 252 738 759 561 976 262 948 161 842 710 278 863 711 824 136 757 334 109 138 114 759 849 604 892 431 424 983 978 506 585 664 240 454 847 682 940 984 210 55 781 470 773 586 483 928 408 908 1 347 357 578 727 316 432 
767 844 509 519 915 105 423 313 431 433 188 27 164 612 839 53 376 907 3 419 76 989 453 840 316 792 726 509 795 708 153 647 123 129 22 631 302 528 320 723 333 879 417 129 946 598 328 771 43 255 668 510 646 75 576 812 715 847 843 674 979 661 802 100 363 838 485 852 21 325 283 722 467 191 874 597 616 863 399 104 573 502 926 256 117 839 967 73 574 
328 973 351 124 429 644 626 44 975 991 284 874 762 523 756 343 4 795 61 314 16 512 576 818 299 797 245 469 510 261 401 248 921 17 25 948 273 434 901 569 17 503 792 442 980 20 380 548 730 903 434 836 480 624 479 484 666 516 858 338 836 214 721 366 182 899 364 221 837 152 553 582 406 930 782 985 566 2 54 775 37 155 506 130 826 825 289 162 623 
896 26 312 580 254 30 827 673 470 403 948 661 290 98 256 796 516 626 523 190 849 734 243 138 546 457 840 689 321 394 965 87 493 314 19 59 481 570 227 792 447 914 670 669 924 804 819 391 360 159 507 254 821 200 181 564 50 546 241 866 763 198 819 597 646 766 422 357 476 955 139 727 201 54 845 608 467 195 737 401 667 434 487 19 339 424 55 400 189 
106 171 625 163 593 232 237 624 777 375 582 553 699 166 992 586 379 478 59 905 243 848 424 305 774 9 153 734 26 624 648 95 868 104 905 629 47 998 108 934 903 209 634 830 944 560 569 203 12 468 506 724 329 732 744 206 368 703 931 666 418 562 170 37 893 877 919 565 820 644 509 685 117 287 828 734 292 558 445 827 365 685 217 255 943 792 867 781 643 
707 926 899 500 969 529 891 776 151 568 751 556 603 564 633 575 302 330 621 245 388 984 556 771 100 892 878 682 472 975 10 68 339 398 205 468 161 282 677 570 568 29 184 20 625 261 110 312 179 734 192 525 476 887 715 962 717 118 133 646 825 487 659 311 697 175 812 46 391 768 94 167 13 933 203 134 26 989 695 509 16 516 769 226 445 269 899 53 619 
892 32 759 142 783 218 711 746 477 93 422 39 991 67 506 562 347 972 223 921 727 121 33 754 578 214 847 56 446 762 841 867 58 100 794 604 268 515 408 914 931 146 256 139 355 47 599 123 994 247 923 442 791 511 257 117 2 105 927 731 486 297 249 810 291 499 33 862 65 868 839 645 591 457 800 442 545 863 323 179 55 904 279 41 882 615 448 165 969 
320 448 241 58 463 626 890 525 483 977 528 650 375 591 119 491 317 627 685 147 87 562 464 374 291 285 483 386 722 323 461 475 710 765 503 101 942 359 928 746 447 927 7 99 520 110 683 339 154 987 818 776 594 103 957 714 157 27 756 230 63 693 219 556 639 18 144 147 59 525 192 167 491 789 638 697 85 685 511 677 92 853 789 97 293 662 885 313 993 
371 655 439 456 219 410 319 624 258 153 465 785 671 590 728 348 993 257 103 672 482 150 699 64 926 216 84 452 604 461 589 251 35 248 147 626 496 669 482 307 923 205 386 725 522 6 896 756 45 349 457 829 441 299 906 633 336 642 452 323 309 82 803 791 429 236 717 720 9 466 175 822 264 408 978 771 817 460 213 153 127 150 820 433 85 299 62 354 840 
652 149 997 180 94 759 569 359 838 545 415 769 651 922 612 13 319 493 214 481 707 441 29 809 639 67 144 99 435 923 625 3 996 628 334 542 142 860 245 611 522 451 651 709 573 929 49 878 150 752 699 574 313 153 622 513 244 250 590 750 597 205 65 459 574 795 476 878 966 975 216 751 669 336 951 169 740 70 865 807 583 414 462 515 864 104 495 497 433 
582 734 83 6 335 150 342 188 121 593 777 946 484 44 693 555 19 193 840 636 270 264 492 616 131 818 796 958 340 157 71 259 825 397 885 218 854 381 206 813 231 1 290 582 895 655 891 198 864 546 103 977 85 75 177 949 996 404 319 381 551 346 22 790 257 775 33 909 822 640 697 794 259 330 518 534 996 52 708 772 124 817 57 231 279 652 522 808 348 
680 805 10 998 819 169 309 850 111 890 466 242 741 897 577 736 342 312 541 462 207 883 761 362 120 114 986 368 641 715 384 47 817 956 313 149 861 70 996 854 610 621 599 312 271 772 70 586 113 277 441 874 308 950 32 358 675 527 413 915 893 640 574 809 444 976 398 528 235 896 264 315 963 614 751 682 106 757 468 317 273 225 692 612 104 848 885 445 224 
124 582 333 964 885 408 839 957 76 245 170 513 835 980 740 711 815 349 549 450 159 839 494 184 407 780 976 845 677 85 561 497 36 791 194 50 623 426 580 911 765 962 512 787 2 460 701 218 775 879 404 371 344 700 336 250 739 67 186 513 297 979 744 386 932 70 45 796 272 79 228 815 518 281 310 925 651 589 723 72 112 471 501 274 963 758 784 757 842 
102 197 159 879 308 446 913 591 917 36 668 869 803 900 409 420 429 104 748 649 594 673 324 415 450 258 514 99 297 632 939 440 505 454 67 253 931 581 552 986 209 985 80 498 347 150 344 650 540 65 747 608 120 683 579 87 100 104 246 150 730 6 128 224 64 457 905 678 468 595 883 0 182 25 75 260 122 24 945 477 544 94 837 172 602 814 384 28 385 
371 884 335 789 621 593 654 711 210 62 750 804 419 896 358 152 743 241 357 220 750 184 560 31 779 488 417 828 821 472 691 245 383 263 58 236 666 394 352 706 244 844 809 278 154 497 600 739 377 62 610 158 90 216 704 867 124 343 355 619 684 895 192 844 727 884 603 869 600 879 479 108 764 513 179 23 419 850 41 939 969 734 256 4 162 358 865 265 141 
871 494 875 167 416 334 690 536 453 862 684 683 899 778 643 422 416 784 282 650 512 5 812 932 718 409 216 666 341 366 725 689 98 614 150 83 393 690 467 950 320 623 332 719 723 122 18 566 125 908 299 307 391 689 793 54 513 115 521 764 234 667 307 405 134 247 362 419 667 55 922 829 687 314 857 769 18 902 172 656 100 668 527 970 747 129 144 539 818 
36 50 70
34 83 12
65 14 24
65 78 22
22 59 42
72 67 10
65 68 24
71 29 12
56 83 12
55 22 42
72 84 10
55 81 16
30 21 40
1 19 0
2 51 2
56 53 42
58 4 6
50 72 34
24 78 22
61 25 32
73 10 8
24 35 46
58 19 36
72 75 10
76 52 2
67 64 20
8 65 14
69 17 16
13 67 24
57 16 30
15 75 28
