29 48 96
901 55 900 679 560 177 921 233 705 44 627 512 970 470 589 887 538 21 647 423 755 591 670 643 249 767 857 557 393 25 123 553 707 999 912 15 126 676 581 862 487 53 9 476 373 960 634 698 
773 428 325 396 653 16 150 46 294 976 944 2 507 369 9 247 32 526 317 315 393 435 726 272 561 111 661 269 740 782 583 123 593 908 903 824 183 182 732 577 410 251 759 159 818 728 971 724 
777 328 648 680 743 146 182 52 356 44 971 87 945 966 922 366 179 777 464 790 413 551 252 142 688 844 658 536 418 65 467 398 153 937 893 969 634 357 995 612 371 90 305 567 368 762 830 336 
894 160 445 955 58 669 234 930 13 575 806 352 631 737 263 440 604 974 560 555 567 463 856 941 522 684 929 745 487 71 999 899 846 884 706 211 380 836 522 634 740 297 263 12 165 244 442 581 
639 682 612 393 770 557 977 700 382 55 7 976 105 937 241 516 680 705 891 809 814 466 785 872 946 957 232 447 535 686 521 163 973 649 422 776 72 699 154 75 66 45 273 272 10 403 272 87 
56 331 323 770 307 849 194 105 473 160 71 678 219 122 718 997 459 704 945 571 314 637 103 208 426 36 705 838 437 611 161 601 249 703 727 889 632 567 217 802 904 676 749 413 427 101 623 663 
156 162 506 87 679 655 933 261 779 208 819 134 664 379 838 812 327 608 426 970 218 301 50 685 320 31 657 399 261 219 718 269 484 843 565 663 714 924 110 8 937 435 37 731 773 792 277 373 
22 499 129 234 899 298 345 0 351 516 221 520 835 480 305 811 40 31 629 704 679 113 696 467 943 883 472 698 1 29 81 345 956 514 600 429 544 985 282 502 713 520 630 349 490 0 635 477 
435 611 319 622 137 482 422 356 649 635 755 238 272 328 446 98 722 187 282 470 485 829 994 2 561 454 895 737 622 86 384 127 282 554 55 684 270 955 556 701 883 24 560 580 606 3 128 254 
574 353 500 434 990 603 627 162 107 50 85 274 483 311 637 381 368 64 768 662 616 143 38 748 738 236 228 695 703 603 132 415 259 856 794 245 79 47 171 720 452 680 12 609 717 847 76 107 
441 594 71 145 412 995 864 84 930 621 859 620 767 716 164 883 270 405 367 545 491 941 45 682 807 213 495 116 272 202 115 981 498 347 96 297 359 987 391 224 222 791 264 86 914 906 702 925 
82 571 896 509 184 56 973 587 809 596 915 471 232 571 692 351 663 823 14 873 347 163 590 198 442 548 512 810 580 416 469 264 619 534 689 515 497 925 679 735 756 865 100 397 673 536 13 565 
106 442 6 94 957 439 112 401 99 618 438 556 400 595 45 722 542 731 501 783 681 712 936 905 647 880 965 803 310 427 545 195 449 393 668 419 857 570 419 989 292 68 584 95 204 975 962 941 
926 597 1 582 509 269 10 863 836 246 211 316 949 281 13 853 536 191 163 829 394 33 363 5 225 15 151 887 306 296 96 807 64 48 409 556 298 703 707 172 143 254 642 973 536 277 707 480 
354 240 872 63 22 216 74 695 15 21 394 417 88 721 252 947 839 224 320 108 194 948 454 92 532 253 133 657 556 653 977 758 35 217 375 662 856 931 477 678 745 540 75 193 168 296 872 685 
744 266 299 722 50 966 983 843 936 557 929 117 197 691 793 708 280 988 691 909 11 773 529 406 876 48 951 458 751 351 410 856 61 353 117 283 390 778 818 77 63 972 938 68 391 172 609 54 
524 175 393 633 373 564 713 683 787 755 681 160 385 154 469 58 989 17 60 219 834 771 948 238 235 557 891 355 926 155 956 529 403 486 140 613 600 930 745 689 434 187 462 688 130 47 253 534 
34 182 578 813 746 719 543 186 571 653 969 141 950 94 78 727 202 747 330 494 161 323 477 180 254 275 330 566 198 632 734 200 888 69 251 934 97 488 385 133 888 150 584 735 379 95 732 478 
596 12 997 248 196 885 177 912 491 503 945 101 593 107 885 364 635 529 100 633 557 571 925 419 368 542 683 813 457 235 608 704 902 709 577 142 277 978 898 817 811 444 102 106 926 178 332 174 
784 247 665 107 848 84 351 432 367 585 751 794 107 430 856 634 875 864 883 316 776 632 978 291 828 341 853 328 699 937 505 226 282 961 382 471 872 102 883 128 607 793 383 618 551 820 759 81 
168 267 103 919 945 297 471 882 906 862 820 732 474 622 535 380 414 317 614 122 503 711 997 343 311 836 321 266 359 8 401 487 296 273 961 35 844 569 572 499 928 124 517 249 97 563 74 848 
807 678 390 743 210 681 361 1 808 477 239 678 481 295 954 682 135 86 252 875 685 526 565 960 706 177 764 548 394 493 926 194 306 329 257 787 830 737 884 819 40 417 813 121 831 285 6 765 
226 519 597 524 783 610 550 774 589 251 55 289 514 688 648 254 730 121 324 881 437 818 865 607 243 202 80 16 78 894 993 459 436 855 103 593 56 898 483 257 116 438 112 27 213 648 258 448 
147 26 771 246 156 802 572 610 220 222 772 742 642 750 488 122 418 26 63 966 994 970 257 118 172 204 820 790 15 136 922 293 906 376 10 870 62 923 441 904 343 825 61 16 423 976 238 933 
847 244 449 569 723 286 202 847 536 115 822 191 28 349 683 543 306 656 556 28 897 82 348 182 601 461 350 841 153 257 303 855 159 946 497 923 181 393 156 521 340 726 547 546 928 387 337 19 
440 500 846 284 944 427 689 374 965 720 164 734 532 173 759 598 775 543 386 627 261 528 962 409 701 282 959 842 655 318 136 693 23 915 171 595 942 762 461 589 511 677 154 522 579 688 978 765 
818 487 712 314 495 935 408 985 830 754 381 291 924 434 796 938 43 270 208 653 1 66 571 184 508 80 501 418 364 445 996 64 29 439 409 303 455 562 11 703 212 106 50 266 397 98 633 684 
457 227 17 813 947 472 615 273 311 558 9 961 169 865 50 931 763 210 695 612 409 197 653 629 313 70 33 467 716 251 300 208 180 269 577 80 794 424 533 254 117 362 833 292 224 456 86 873 
480 236 887 309 632 979 540 433 900 499 232 697 967 985 296 123 353 216 149 321 304 350 25 57 577 784 387 943 459 574 966 456 841 993 884 647 386 577 58 181 695 115 97 185 72 832 489 175 
21 2 2
25 46 4
17 46 4
11 41 14
29 38 0
4 30 6
8 32 14
3 36 4
15 31 28
2 7 2
28 20 2
19 48 0
12 30 22
26 47 2
15 44 8
12 11 20
8 19 14
29 32 0
4 28 6
1 23 0
21 5 8
23 19 12
5 39 8
6 23 10
15 7 12
10 22 18
3 6 4
15 18 28
27 3 4
22 38 14
26 1 0
20 15 18
25 35 8
2 21 2
16 35 26
14 7 12
14 2 2
16 36 24
7 41 12
28 22 2
19 30 20
3 9 4
12 19 22
12 26 22
13 25 24
27 26 4
3 34 4
13 34 24
24 19 10
10 32 18
1 40 0
22 47 2
13 1 0
7 21 12
4 10 6
13 37 22
12 9 16
4 37 6
28 32 2
8 27 14
16 35 26
24 32 10
5 19 8
17 6 10
8 25 14
8 6 10
15 46 4
2 34 2
12 23 22
1 41 0
28 14 2
29 8 0
19 11 20
7 14 12
7 1 0
10 8 14
25 21 8
25 11 8
9 26 16
6 17 10
16 24 26
27 26 4
22 27 14
26 35 6
20 7 12
22 20 14
7 8 12
23 4 6
25 40 8
24 23 10
14 42 12
11 39 18
12 20 22
7 16 12
29 9 0
8 21 14
