81 36 9
352 905 40 802 15 753 612 453 835 332 877 286 138 70 35 416 52 275 710 942 42 30 617 777 426 450 884 239 839 592 8 929 205 486 236 568 
931 40 964 91 801 598 137 903 377 730 307 691 658 884 354 798 671 612 941 288 558 115 721 698 876 942 459 274 997 439 489 583 202 202 83 38 
707 322 943 239 572 414 34 287 725 67 450 898 264 46 776 364 15 662 627 349 966 716 319 167 820 585 781 941 343 850 380 426 733 754 37 882 
135 964 340 281 976 547 706 694 955 649 888 508 922 512 366 157 667 944 441 339 397 758 58 93 712 845 315 386 882 971 837 525 998 939 678 85 
536 770 894 919 179 32 528 130 483 726 349 359 734 350 171 971 100 891 197 387 760 158 173 403 919 857 781 403 718 900 386 558 864 979 369 456 
716 736 732 667 853 274 149 814 859 57 611 803 22 796 778 555 891 257 277 1 760 889 279 431 649 390 174 217 181 561 617 412 890 164 376 178 
564 785 306 374 853 749 972 126 743 517 205 593 997 875 975 183 496 173 255 903 244 90 502 881 514 337 640 809 585 57 673 796 662 935 919 19 
162 943 427 257 930 722 233 946 58 575 415 338 747 233 123 823 236 894 420 420 772 224 731 466 901 433 610 533 204 423 946 601 877 602 171 648 
692 734 788 377 478 186 330 709 182 347 685 913 291 293 838 579 366 784 493 156 146 259 312 529 428 247 685 413 378 514 216 366 112 71 832 90 
613 143 75 870 660 438 74 562 95 780 664 29 637 158 188 417 4 224 325 195 274 498 453 417 477 68 286 160 131 559 697 0 555 586 566 758 
954 710 670 919 306 222 708 908 533 526 570 471 335 15 959 727 401 163 262 435 482 436 314 761 128 260 357 850 756 128 824 892 684 246 645 963 
2 544 784 517 553 4 812 200 375 337 305 291 262 752 35 214 229 156 631 310 628 432 390 761 389 724 524 674 645 996 898 42 177 141 79 812 
430 315 381 586 993 28 496 977 29 619 74 694 570 835 1 611 170 192 65 402 824 51 342 821 538 18 562 848 845 785 781 404 831 65 427 800 
47 683 167 846 280 474 349 399 477 530 460 972 655 920 410 482 330 560 658 297 86 877 601 673 896 433 463 466 560 913 528 918 326 659 450 981 
70 175 921 245 714 151 293 932 39 301 229 308 535 519 221 121 669 833 35 826 504 704 584 209 262 814 361 369 770 191 709 923 521 471 313 253 
478 469 575 648 669 224 390 572 332 789 242 170 941 698 92 493 824 82 236 566 733 166 378 923 808 108 269 580 917 326 715 785 787 265 222 387 
565 272 184 254 507 637 381 15 247 972 743 768 459 916 415 77 384 195 47 258 962 325 885 163 679 424 953 103 198 798 295 978 340 704 16 694 
857 476 291 293 857 643 689 766 823 362 294 289 668 890 403 409 349 918 745 733 475 81 72 514 787 465 693 369 414 972 162 600 563 213 103 760 
823 547 982 259 847 367 612 831 300 191 811 908 150 812 29 398 108 276 500 470 934 21 588 379 870 263 857 705 171 597 941 156 997 352 138 939 
943 839 957 459 37 534 499 351 23 338 646 601 358 687 464 96 492 806 881 622 848 399 163 356 830 990 505 420 853 565 72 10 130 22 982 609 
419 363 895 54 389 285 7 419 246 5 945 362 935 721 166 427 41 702 98 388 313 847 200 69 598 40 765 765 838 241 154 980 953 882 331 85 
173 240 612 351 192 385 340 346 364 905 785 313 133 562 259 191 582 89 461 906 186 923 677 375 390 316 741 976 507 591 10 145 537 943 858 363 
599 648 83 186 544 579 790 322 359 221 945 625 563 419 852 616 277 459 260 20 166 234 331 531 70 838 881 709 847 415 132 177 40 311 858 424 
621 826 583 610 940 132 642 188 746 6 250 43 756 349 94 288 874 255 289 967 493 82 644 725 82 315 822 709 158 200 471 631 593 595 186 95 
631 595 136 709 353 928 33 110 179 195 710 911 886 512 986 177 309 657 679 981 845 912 796 868 230 72 76 588 910 288 762 43 629 142 104 433 
627 876 591 78 197 922 393 13 702 448 434 908 698 293 389 617 54 689 571 434 739 755 654 993 778 576 235 490 817 617 574 531 443 311 608 735 
94 278 611 806 886 403 342 533 191 851 763 957 568 858 46 955 202 533 265 316 423 788 706 546 608 703 614 591 591 4 182 572 411 490 184 95 
242 686 993 576 569 407 478 190 334 808 945 834 230 577 64 639 875 186 362 109 309 38 603 121 770 392 271 954 88 532 379 227 54 140 647 904 
267 5 791 71 942 326 177 564 916 805 161 888 881 278 191 295 13 584 210 973 615 302 254 325 416 423 633 446 102 146 76 906 329 841 173 67 
979 777 713 317 864 132 950 458 292 19 190 814 844 483 471 656 388 786 48 593 792 902 774 452 22 579 437 218 985 447 826 232 153 628 981 328 
765 265 516 577 170 461 610 44 781 105 166 284 740 697 176 553 923 735 646 65 219 91 573 27 244 787 187 162 107 523 481 234 935 674 159 498 
350 409 167 589 196 216 891 591 795 702 978 713 910 972 997 281 823 999 8 394 1 593 972 739 575 355 394 310 915 17 578 807 971 706 233 959 
854 594 649 220 901 285 594 639 60 74 766 545 23 250 19 90 385 893 953 912 0 231 987 849 789 995 890 590 175 924 989 180 439 340 861 79 
158 723 85 932 226 822 286 412 159 1 96 457 219 498 286 902 850 148 312 255 48 788 651 522 53 52 558 192 138 346 763 628 506 268 214 671 
947 730 585 726 468 455 789 129 129 445 806 848 865 741 534 163 880 248 9 462 993 229 752 824 699 632 463 223 349 379 129 714 396 19 843 483 
128 129 230 22 871 211 230 130 585 967 655 635 115 163 216 521 183 4 503 248 360 609 388 693 683 388 2 242 720 733 64 671 257 378 205 413 
746 710 434 944 110 692 641 184 826 569 267 540 898 228 552 964 186 859 503 433 56 451 214 507 780 707 195 982 313 590 640 290 733 667 525 678 
196 275 120 313 307 302 903 540 840 66 174 671 775 129 340 918 792 581 256 640 340 339 113 205 45 50 547 81 21 990 293 712 583 101 127 688 
290 374 88 582 84 753 758 558 939 254 783 794 991 22 12 974 299 312 998 302 794 409 976 597 790 811 612 611 899 249 953 474 642 108 498 581 
10 709 586 940 42 896 92 433 145 297 927 881 141 13 742 303 202 535 333 131 19 254 471 738 964 736 221 314 264 398 729 660 974 403 544 911 
918 897 678 957 474 10 140 252 903 912 932 579 715 969 797 694 864 907 842 673 910 672 348 813 104 14 736 401 420 30 307 337 742 814 698 203 
342 613 807 76 469 731 221 102 887 107 460 412 931 206 632 884 942 460 68 503 76 281 476 216 328 186 584 870 932 715 116 976 873 279 204 596 
146 419 973 572 652 583 167 478 109 354 950 775 78 729 928 939 699 27 777 675 103 244 602 307 900 388 48 111 168 740 792 641 51 84 648 578 
877 500 713 147 612 789 760 62 427 842 780 414 495 729 931 968 203 240 701 420 251 693 985 668 253 471 822 223 179 666 113 330 525 379 862 277 
868 305 130 398 849 76 669 740 132 989 237 361 161 817 949 860 812 506 724 339 397 12 778 490 399 817 286 26 874 26 370 505 608 139 520 561 
445 618 54 928 263 211 492 388 285 107 495 409 660 399 749 336 45 520 377 837 610 277 809 245 383 229 602 922 637 712 789 549 25 696 323 311 
684 849 724 980 507 834 717 700 199 896 616 31 223 806 157 301 529 458 655 159 160 486 841 189 566 914 527 989 931 123 752 965 86 714 761 141 
272 763 174 372 656 368 273 301 872 314 509 181 159 820 523 540 784 108 971 102 400 174 928 989 309 614 402 389 1 346 455 867 454 610 99 203 
507 845 603 749 589 473 298 58 665 862 347 169 725 512 853 889 678 360 940 778 148 934 996 84 522 852 145 139 730 186 594 678 910 49 203 746 
696 798 810 800 394 798 353 504 170 16 178 961 469 404 185 662 829 814 371 566 565 454 316 271 625 175 366 80 242 481 157 298 383 318 992 91 
543 838 642 943 747 64 206 394 977 821 209 247 314 882 217 742 613 202 140 693 709 197 915 174 293 66 381 777 812 44 784 766 28 388 802 97 
660 698 853 626 941 953 393 151 273 831 268 841 303 997 493 728 723 873 574 660 683 262 743 777 949 413 630 21 348 514 148 306 601 485 140 467 
301 43 77 44 133 704 479 122 894 187 114 396 312 807 577 213 927 98 750 143 468 883 663 614 307 901 414 118 302 794 638 281 62 798 41 585 
121 850 431 311 471 464 520 981 214 162 51 598 150 778 535 168 511 101 422 747 374 25 890 761 455 879 207 538 68 735 560 626 243 344 654 401 
789 936 355 912 539 990 725 827 27 801 182 663 745 509 543 193 193 698 837 880 48 384 804 928 218 947 56 268 717 710 66 599 149 199 735 703 
674 432 221 279 195 69 814 504 805 231 687 155 551 412 179 557 757 48 576 399 60 468 483 225 989 425 271 867 211 993 440 272 390 91 6 519 
18 625 269 583 345 871 433 70 333 770 631 902 826 907 255 517 416 551 797 407 326 588 671 666 297 394 393 310 941 395 268 239 635 960 693 752 
976 298 9 630 982 890 470 846 763 278 669 324 727 56 924 801 340 972 864 304 126 349 399 85 177 485 875 322 314 904 267 824 598 867 804 318 
654 887 804 817 932 644 143 296 95 931 202 515 266 532 77 120 484 48 350 377 592 324 488 205 380 251 443 745 86 39 596 3 531 220 413 739 
441 865 888 39 740 220 229 833 830 816 594 639 279 981 914 470 453 157 166 4 908 446 824 353 718 209 519 745 166 942 37 777 743 754 580 419 
793 862 766 775 259 557 580 496 652 842 62 577 675 315 722 938 479 414 752 187 841 102 609 67 246 42 231 533 176 322 648 560 523 207 980 266 
957 734 830 800 231 57 8 92 792 538 270 764 921 213 637 827 395 25 564 390 780 338 152 941 873 582 782 460 534 833 162 212 680 360 980 99 
675 919 978 509 599 295 936 854 885 368 4 165 920 574 454 166 119 883 244 532 550 777 700 456 692 626 539 547 592 438 587 893 309 296 417 455 
252 854 883 507 176 315 408 325 524 666 90 694 585 153 575 118 716 872 662 147 204 508 580 122 433 645 774 401 816 936 768 630 747 465 780 280 
965 57 639 280 875 16 533 179 982 912 485 967 173 414 54 95 944 484 433 861 959 831 937 171 416 3 757 927 88 190 662 360 409 224 387 465 
265 133 378 817 787 292 49 203 775 599 738 465 828 695 45 233 974 603 720 705 883 317 954 444 599 593 45 904 743 995 497 683 290 572 357 883 
147 416 280 479 932 528 638 733 373 607 830 456 226 770 568 101 274 657 12 99 572 21 141 532 428 301 37 68 306 353 946 630 571 186 198 869 
322 252 612 854 823 745 470 903 711 419 916 132 980 181 550 310 3 814 395 320 291 308 242 328 501 177 470 165 775 844 102 267 403 607 170 49 
5 497 50 827 489 607 776 801 938 11 990 691 480 689 514 247 201 882 454 697 39 375 803 861 514 172 310 124 21 302 347 25 331 50 142 111 
556 332 72 753 187 73 870 165 935 457 542 126 793 868 699 180 933 440 447 210 985 700 328 748 226 621 355 539 766 170 157 631 709 421 497 280 
513 209 875 88 660 515 131 536 728 814 622 198 761 287 30 208 855 313 313 360 296 254 471 507 122 804 661 823 150 151 878 993 672 656 993 801 
947 74 614 819 409 164 986 410 344 376 939 186 752 56 853 530 689 695 746 397 546 659 704 452 812 629 68 113 661 818 916 714 528 106 810 184 
417 130 597 764 558 528 386 413 850 547 495 256 835 588 128 580 931 781 898 104 235 956 397 348 363 731 447 409 991 680 803 310 164 788 793 960 
640 818 839 604 550 679 85 892 281 104 941 317 104 556 441 777 696 855 543 685 383 15 96 97 52 527 990 455 21 870 531 546 392 875 294 853 
867 791 657 892 838 687 14 235 646 629 760 778 357 82 957 313 125 402 505 390 100 372 798 232 744 4 927 614 587 678 564 593 10 369 736 587 
40 414 334 203 544 44 2 591 319 954 172 508 648 384 294 308 945 954 31 620 594 705 793 945 214 688 108 31 858 864 597 534 234 256 649 697 
123 365 316 596 819 594 318 465 660 156 333 719 88 981 774 152 751 651 116 454 211 716 883 265 797 855 878 199 344 186 836 208 402 676 617 637 
67 711 297 933 103 796 952 372 5 554 141 344 258 404 109 456 112 70 619 396 335 60 445 563 566 423 378 501 490 837 743 374 797 148 737 28 
162 674 116 877 949 220 482 887 376 481 440 333 575 443 882 571 741 361 23 415 136 115 743 204 647 524 736 372 75 445 952 889 827 572 829 416 
546 616 553 442 220 927 569 673 662 886 260 363 258 652 728 94 625 979 983 897 844 860 633 802 123 639 772 129 982 972 735 800 138 273 828 893 
586 704 843 926 55 363 571 552 539 679 651 860 719 850 343 999 885 75 270 108 175 773 936 583 870 535 661 609 559 67 273 499 176 361 180 305 
12 24 22
70 23 22
79 12 4
37 10 18
21 14 26
34 23 26
46 36 0
57 15 28
52 21 30
