58 74 17
385 413 631 847 891 187 514 463 326 206 671 708 645 261 608 360 560 3 541 335 551 900 688 894 618 572 548 232 799 290 249 823 406 449 134 908 260 326 747 102 898 749 475 14 410 295 250 499 366 807 329 705 677 738 587 541 858 668 234 163 482 335 995 200 650 518 387 652 35 991 493 671 987 975 
641 844 945 808 330 826 205 653 563 15 585 495 991 704 608 320 293 612 642 788 780 239 921 119 305 81 835 145 506 774 540 974 149 161 231 515 882 297 513 987 281 534 826 943 394 68 880 164 248 182 898 765 504 214 950 329 348 17 680 688 638 968 776 8 611 96 847 708 838 635 589 963 750 336 
321 422 78 549 230 323 958 461 159 647 603 380 159 753 360 207 863 577 182 496 653 439 200 495 181 111 84 181 127 658 182 522 780 401 943 302 982 611 405 460 836 677 344 99 471 129 193 526 283 95 566 451 181 79 510 57 566 921 494 770 777 180 422 800 943 267 891 476 644 822 209 641 349 492 
780 351 137 125 459 276 241 806 2 389 93 230 483 218 149 685 264 431 737 5 504 950 141 360 532 274 916 809 636 271 295 398 786 893 730 83 459 804 876 530 597 889 138 310 962 518 862 440 168 703 665 880 897 713 66 125 222 173 609 463 291 74 141 233 167 489 903 349 603 633 121 832 772 939 
294 412 311 97 14 796 560 591 270 938 726 963 259 20 198 984 569 254 235 694 644 785 551 982 554 104 665 865 243 995 267 840 750 684 206 342 921 583 612 322 580 967 858 497 675 443 736 0 966 840 247 615 735 568 534 609 712 240 744 431 310 511 381 172 262 522 3 315 922 196 242 149 879 371 
33 808 342 646 400 297 22 186 59 785 891 580 727 741 581 969 836 623 543 833 343 874 569 57 523 715 85 744 964 660 739 161 911 930 969 535 217 398 379 992 731 864 507 920 999 518 948 190 641 885 233 971 853 967 141 159 649 770 942 549 798 426 844 583 457 468 288 660 464 339 330 790 811 656 
867 816 673 618 763 644 804 61 312 435 570 102 437 558 920 357 266 561 693 699 429 767 481 395 533 129 545 389 103 303 231 517 120 577 922 850 69 359 447 315 617 125 611 164 684 306 366 334 117 952 165 76 516 670 397 377 126 120 791 575 758 712 820 819 733 646 358 309 997 643 256 915 672 619 
507 868 936 657 439 242 802 140 882 929 644 983 904 236 191 111 991 110 91 589 125 758 718 51 872 988 49 667 34 873 815 203 359 947 635 861 245 789 941 603 631 213 400 792 701 926 867 561 76 86 738 794 446 442 336 325 437 254 499 61 513 913 388 264 451 220 410 155 365 531 738 344 937 212 
325 851 787 541 758 610 371 546 638 578 771 620 862 686 337 781 857 515 697 943 19 799 523 124 81 959 188 512 878 968 244 379 976 93 307 651 877 183 336 55 573 59 328 574 485 756 767 45 557 514 750 743 319 515 746 71 596 21 661 225 517 949 803 334 587 330 578 318 779 803 999 176 722 303 
337 69 80 955 516 995 132 597 421 917 868 224 653 799 367 144 620 288 138 973 187 496 195 773 437 625 845 466 67 338 872 619 731 165 188 61 364 98 490 410 305 765 887 242 175 83 758 902 293 562 377 4 503 638 836 236 159 399 990 928 64 240 652 570 424 731 92 832 562 95 315 803 53 12 
323 78 341 309 509 465 860 459 247 532 68 659 186 833 124 702 634 290 684 367 538 842 854 769 748 0 683 774 467 837 719 452 813 718 915 769 904 550 949 504 271 507 414 340 704 32 232 201 342 515 585 210 759 829 360 500 241 271 843 986 909 556 339 810 504 729 804 181 338 760 949 275 949 380 
120 260 924 23 583 204 181 23 156 190 917 728 2 849 126 603 757 392 343 883 467 570 712 960 878 850 337 341 143 362 94 651 448 400 705 889 389 747 588 331 440 878 809 55 704 146 728 991 62 555 900 184 676 961 146 761 970 542 447 751 254 159 69 717 903 964 114 769 559 929 62 466 378 255 
310 957 831 837 970 423 706 415 7 293 283 209 185 871 7 821 49 931 688 696 15 973 740 362 93 756 975 252 423 24 438 60 458 608 665 692 624 296 236 593 317 31 275 951 858 278 831 202 747 628 65 231 231 167 793 649 980 830 523 311 676 57 575 626 304 90 988 733 743 452 937 941 339 553 
360 432 520 59 390 138 858 8 99 474 290 64 11 995 236 898 30 678 656 898 106 45 259 776 131 602 690 930 157 518 243 409 382 574 399 824 170 344 648 433 427 163 139 299 509 916 673 158 492 661 880 110 203 296 161 381 426 225 230 435 891 817 730 785 97 367 84 860 381 369 857 68 534 88 
822 900 428 657 63 92 978 784 119 137 358 583 932 215 965 581 750 365 728 409 604 942 21 469 818 864 276 616 435 821 567 708 120 55 964 502 890 793 106 147 641 80 414 167 913 864 329 521 542 963 119 491 221 652 231 558 854 330 586 442 793 640 610 154 636 785 144 766 550 680 746 210 11 350 
159 164 141 373 104 931 35 833 309 611 592 822 345 876 203 229 548 410 631 856 139 896 694 861 133 254 455 727 916 809 312 623 951 841 234 42 488 350 800 20 686 476 899 74 57 709 94 741 54 677 984 882 582 241 667 95 983 689 640 248 982 652 693 615 839 419 645 642 676 590 794 198 286 2 
937 146 842 652 641 774 91 831 138 306 232 281 535 763 265 427 463 32 700 768 757 803 734 829 810 91 520 94 260 846 944 554 101 315 976 268 651 693 552 563 167 44 683 139 524 750 96 34 318 203 536 823 149 262 62 332 956 127 440 956 458 461 65 607 605 993 568 139 501 541 384 37 180 372 
445 661 856 771 688 839 635 605 159 118 984 212 820 571 281 675 8 491 169 9 52 70 43 871 4 700 462 547 169 554 653 885 73 586 343 134 292 665 296 977 310 153 658 330 68 415 260 98 269 991 668 637 990 155 492 122 826 363 919 49 869 798 223 988 67 502 908 172 489 578 986 764 359 445 
560 706 921 363 144 730 137 940 128 741 171 777 548 326 437 187 670 653 824 84 996 901 351 893 963 744 347 518 613 434 624 172 973 226 824 444 539 349 2 742 728 661 167 509 247 399 873 130 494 635 271 248 136 140 217 835 537 638 389 794 709 767 124 411 69 54 837 845 863 400 827 209 361 538 
861 834 393 473 186 139 660 557 990 480 265 980 742 492 777 578 268 849 502 134 23 439 333 424 739 107 433 583 624 801 342 335 378 940 598 255 236 290 307 457 129 381 890 42 17 500 504 481 764 128 668 693 830 450 648 198 151 570 597 350 429 978 603 673 153 185 378 695 267 603 56 162 675 149 
895 98 373 503 25 966 784 819 459 30 979 689 355 476 284 973 136 72 887 656 301 642 255 258 537 530 724 714 846 68 289 572 243 112 496 873 168 525 581 325 750 22 220 9 321 620 488 960 844 818 392 127 255 264 368 734 382 503 962 763 465 404 79 29 779 448 638 398 762 835 374 858 579 848 
228 652 575 940 292 200 365 40 550 83 101 686 263 790 583 929 33 490 790 949 200 189 316 901 833 634 386 835 897 647 188 402 895 176 712 183 735 241 929 166 132 696 332 321 769 193 262 451 885 715 416 539 345 240 56 68 350 690 981 601 992 192 863 318 73 424 216 281 347 390 203 383 646 563 
991 76 42 985 88 218 578 210 763 842 645 112 644 73 250 264 966 169 23 152 790 401 246 159 148 23 365 36 886 49 520 998 907 579 149 490 489 250 212 195 220 695 633 356 620 336 528 177 161 24 211 620 78 23 179 995 447 268 904 230 832 638 487 550 931 34 975 329 622 215 224 450 999 525 
801 998 444 108 316 393 91 129 200 687 83 395 954 326 550 220 298 120 67 435 581 807 476 478 660 737 465 692 984 236 86 632 864 946 968 178 426 53 864 920 482 270 129 394 529 158 436 283 212 0 605 819 696 422 297 18 247 15 558 918 642 235 264 613 500 733 28 270 78 423 602 490 180 284 
724 200 267 806 469 750 637 439 544 716 451 597 870 474 629 463 35 705 449 604 510 823 910 611 411 444 196 380 695 490 747 854 96 913 748 266 430 16 959 804 497 512 506 217 128 242 346 796 179 913 217 283 590 802 869 527 243 136 833 49 595 524 778 391 56 729 264 165 690 93 7 441 252 788 
657 551 970 375 161 107 986 154 543 693 156 683 107 749 334 477 48 672 193 556 574 596 186 459 587 901 582 594 312 954 109 348 260 1 9 124 831 63 843 919 285 60 490 556 309 483 770 272 380 703 229 455 339 88 104 261 962 429 149 362 279 212 160 339 199 677 568 349 776 724 676 957 817 189 
479 179 622 74 881 69 19 544 852 16 252 608 600 985 72 817 203 633 392 322 297 103 479 597 675 95 831 176 207 536 693 733 156 524 955 568 384 296 673 905 41 11 55 87 308 460 752 581 709 323 214 345 643 866 655 943 663 29 185 12 761 68 279 30 79 537 200 497 91 268 24 468 888 661 
37 50 545 153 512 837 822 365 190 845 884 465 595 717 239 107 874 886 870 860 90 510 444 640 296 664 430 487 597 935 742 296 605 181 283 821 684 405 907 114 772 897 366 375 79 917 856 637 165 482 602 821 555 951 854 20 704 226 5 691 205 844 502 42 833 627 686 781 366 857 207 806 811 105 
935 898 783 114 861 624 207 972 233 51 196 719 305 425 996 410 204 261 803 601 301 927 5 8 790 923 427 221 902 30 280 370 649 172 287 79 466 271 99 14 159 90 306 912 761 812 927 477 87 264 987 689 702 473 911 922 687 299 944 333 653 653 31 664 585 234 932 994 796 6 511 239 800 886 
618 616 891 672 742 23 602 962 489 439 158 22 777 90 261 43 272 901 695 471 867 262 467 200 992 582 398 258 380 209 984 642 759 529 211 977 13 635 448 661 313 233 40 473 360 774 75 373 631 753 73 736 193 817 83 65 1 590 949 270 689 984 618 627 301 697 220 452 599 21 735 862 928 714 
0 167 855 714 999 182 81 261 958 797 509 164 885 947 794 88 788 558 720 57 124 341 0 971 706 812 497 898 689 217 336 678 75 483 443 385 963 890 418 893 866 985 2 396 909 864 999 807 391 702 814 175 112 924 813 570 394 333 919 165 699 425 23 329 932 281 288 792 181 508 702 830 18 264 
581 780 695 909 901 63 691 891 486 471 756 220 30 212 999 627 148 619 761 243 312 263 880 597 57 218 847 402 706 578 834 703 354 649 526 198 38 260 443 40 630 437 642 504 673 204 741 915 277 64 311 132 599 59 186 700 787 924 174 310 401 246 572 888 436 614 912 318 296 378 852 425 783 132 
263 149 592 462 209 688 182 663 521 661 816 659 918 993 26 281 390 533 959 351 166 113 432 328 735 562 22 45 369 723 432 945 159 135 57 269 271 222 914 285 459 917 895 346 873 224 81 430 771 859 848 503 196 614 426 106 0 542 228 185 327 376 315 599 230 201 639 183 857 354 686 733 825 951 
577 812 190 597 381 207 49 59 32 115 945 466 885 337 304 294 878 362 225 783 989 51 648 553 767 863 629 62 733 732 311 230 921 941 353 429 345 943 684 834 675 688 473 56 6 385 785 582 256 292 963 817 585 520 457 385 691 809 863 952 901 797 312 199 106 153 527 283 75 594 88 381 950 576 
545 695 40 293 976 465 478 51 378 220 708 650 956 542 937 25 330 188 623 693 786 534 530 581 572 427 141 149 896 477 939 881 740 440 584 97 553 236 917 859 313 98 994 271 127 180 531 827 642 804 170 591 455 934 709 915 211 66 251 436 730 129 408 461 15 649 794 698 152 563 288 96 348 586 
622 225 948 798 591 635 588 590 336 576 997 245 957 808 656 763 258 730 632 75 904 130 389 165 802 228 497 242 891 6 528 541 861 452 593 153 984 317 635 749 102 923 390 645 639 520 552 178 614 171 888 873 783 378 602 688 171 682 311 29 162 281 984 721 379 141 976 426 587 109 724 430 927 893 
191 115 600 63 670 995 187 517 644 589 273 523 379 975 554 48 880 207 841 982 449 329 939 535 126 970 138 975 634 516 937 297 732 730 587 833 574 923 636 289 193 435 51 271 11 733 978 996 462 997 524 575 534 161 162 111 855 272 170 768 529 507 461 172 369 880 492 147 37 421 726 141 947 425 
503 636 718 646 40 519 119 811 816 889 732 430 372 297 767 831 296 66 782 311 642 42 178 959 7 263 70 853 804 557 662 481 323 805 809 630 784 280 797 69 639 609 998 755 396 728 754 10 863 58 84 69 978 358 699 932 264 18 174 832 91 244 230 184 914 190 264 978 22 712 365 734 855 737 
648 908 975 288 12 358 27 916 23 71 50 812 607 187 779 537 272 224 839 799 439 714 296 474 694 85 509 830 315 819 851 126 375 893 953 390 993 590 840 748 652 348 21 657 956 439 733 142 88 4 596 889 524 555 417 855 207 67 42 35 707 328 567 693 502 667 781 686 780 456 642 807 927 877 
72 249 692 990 665 631 211 109 933 711 987 286 258 688 887 849 224 390 601 449 551 160 842 953 568 667 867 854 990 975 731 656 79 359 877 434 42 166 132 97 927 133 86 529 157 145 755 306 804 129 393 313 912 549 846 348 30 49 520 782 70 585 420 968 181 544 993 560 894 129 680 27 677 942 
11 470 64 54 527 770 218 448 975 118 484 838 414 406 282 398 273 401 416 906 359 689 991 503 661 868 425 626 130 207 356 430 132 585 118 155 854 293 221 24 743 922 953 561 127 837 593 235 872 718 399 28 975 152 577 976 333 161 693 919 415 177 888 546 822 184 915 763 476 568 266 556 148 770 
834 736 116 676 31 583 594 488 23 77 48 95 567 633 149 172 167 970 954 534 788 677 357 677 235 812 981 310 669 753 196 881 115 33 82 400 255 739 427 26 92 631 927 477 252 11 665 553 748 321 175 305 709 245 790 253 562 817 350 355 577 339 145 645 760 567 708 131 262 254 559 665 195 64 
271 11 404 589 205 140 903 327 475 927 255 35 146 588 125 743 699 52 563 37 216 680 462 629 390 899 87 25 330 345 598 146 485 575 741 657 381 865 556 71 161 642 501 645 768 406 262 48 399 532 239 396 77 463 663 1 29 468 944 243 304 853 555 403 508 100 449 323 125 955 47 647 725 520 
381 607 803 391 75 913 566 223 32 827 997 614 777 894 412 568 371 454 804 963 37 901 464 510 604 680 648 952 12 866 860 412 880 28 487 354 47 646 405 537 635 191 2 689 487 887 904 821 764 934 52 453 768 438 910 913 876 683 28 954 856 467 506 939 701 273 751 924 950 155 327 151 668 355 
592 747 21 978 668 998 792 80 579 144 40 457 585 538 651 201 195 93 749 928 641 543 726 393 153 969 316 364 40 164 366 371 869 721 567 490 660 975 315 392 652 295 473 362 230 460 581 294 202 831 857 764 536 335 951 305 183 596 6 933 541 204 78 557 156 263 529 987 637 29 841 297 52 480 
264 804 32 836 591 733 469 418 383 971 776 348 694 772 198 539 878 331 945 596 544 834 97 633 56 993 507 707 5 751 784 229 671 941 308 980 837 218 376 115 675 481 887 299 676 375 82 224 266 208 649 934 167 57 543 362 350 232 472 325 827 383 26 987 52 144 109 138 259 186 303 886 377 586 
616 353 160 749 528 768 957 73 608 433 888 220 804 943 537 156 930 464 233 469 23 246 722 681 63 154 956 313 718 367 821 434 496 378 524 291 106 303 867 267 779 614 750 599 18 493 324 105 621 735 457 452 507 634 421 260 87 238 861 850 545 777 876 493 682 568 501 596 436 448 576 696 917 315 
495 207 502 477 91 347 900 126 72 833 817 242 905 132 328 940 474 714 452 473 569 847 939 265 735 477 372 136 608 61 874 554 69 559 92 606 130 806 307 41 81 471 207 259 547 175 390 151 134 516 602 611 687 292 958 784 101 26 573 99 928 839 215 66 108 780 456 18 30 374 679 325 857 91 
80 617 653 768 198 963 230 125 329 859 452 728 655 681 76 942 227 821 770 216 495 172 281 370 702 623 601 743 499 389 628 904 527 928 37 299 859 437 829 632 139 757 643 295 267 905 680 93 89 818 636 382 974 142 656 292 954 638 377 637 315 269 509 491 42 916 230 524 42 584 896 962 662 420 
321 397 957 506 932 932 501 309 137 3 65 131 989 687 168 918 297 324 44 25 146 95 931 784 780 607 110 840 283 958 852 765 0 398 394 595 309 71 481 572 949 173 84 359 163 14 436 826 133 544 874 942 892 177 264 193 787 200 140 993 10 281 674 204 366 871 77 421 526 673 746 865 749 303 
737 879 423 989 953 261 289 942 815 199 202 28 347 411 40 612 975 192 376 135 692 621 30 442 227 22 620 639 804 688 827 908 47 406 700 729 645 636 42 376 801 105 254 405 665 185 277 125 51 576 138 42 358 819 644 324 590 921 595 900 731 839 989 514 927 968 679 742 394 715 210 699 188 910 
548 704 126 273 352 480 797 173 35 569 468 196 300 609 53 274 647 581 803 624 717 740 335 153 716 591 581 758 215 340 691 612 874 672 822 205 924 81 432 476 384 214 354 994 338 246 105 781 971 13 792 176 569 453 595 470 86 297 635 104 564 349 786 150 754 609 565 306 165 308 177 984 317 181 
483 969 330 557 880 687 556 689 894 627 356 923 469 530 683 55 774 430 780 851 654 945 216 696 710 836 15 446 691 373 678 859 629 751 641 724 398 547 77 956 561 549 442 569 364 65 964 342 883 852 654 603 954 775 986 921 335 14 374 529 906 688 678 764 370 958 753 693 262 86 963 691 708 681 
424 307 193 880 784 858 462 926 35 711 427 351 105 727 827 542 846 994 571 339 857 363 536 556 360 238 684 170 506 729 733 332 496 68 570 690 817 981 171 864 960 5 268 866 820 910 237 406 900 710 889 708 693 253 609 19 145 73 141 581 846 35 718 883 224 450 139 843 36 422 341 109 562 23 
217 901 757 52 162 947 395 807 873 383 28 509 610 551 513 604 876 731 874 389 268 383 867 424 854 687 620 895 434 834 300 955 183 125 905 618 159 856 175 730 790 998 691 856 127 894 10 321 37 342 378 642 956 79 109 642 714 243 614 716 221 35 506 435 225 109 484 775 150 971 380 252 28 127 
229 657 100 290 753 998 381 788 220 902 504 21 938 212 848 746 782 706 97 364 376 109 428 418 833 620 836 462 710 407 944 5 351 909 293 696 139 533 535 216 562 750 645 958 982 546 646 496 391 781 291 984 978 588 75 159 85 856 461 526 465 177 589 181 613 463 110 796 259 780 184 686 857 862 
7 446 238 88 776 818 662 264 680 388 412 931 66 696 740 44 453 247 354 252 368 369 570 772 99 74 365 430 291 619 756 961 561 513 12 226 401 971 735 56 314 884 395 472 398 641 489 359 423 885 500 902 924 399 883 231 79 61 221 934 61 82 424 811 569 138 262 916 725 231 301 888 206 524 
881 214 770 598 649 459 577 523 682 514 901 66 476 213 976 922 151 138 881 391 665 554 434 711 143 195 841 978 221 548 8 872 60 816 555 76 671 964 998 198 834 587 288 23 352 346 568 45 200 829 3 662 618 543 943 394 843 161 720 137 875 362 580 915 255 212 708 318 488 303 825 978 192 759 
18 70 8
9 34 16
38 71 6
23 72 4
55 49 6
1 73 0
53 39 10
17 18 32
33 4 6
1 18 0
25 11 20
11 10 18
44 56 28
27 33 52
13 44 24
31 46 54
25 47 48
